0 0.32500001788139343 0.5240000188350677 0.1290000081062317 0.5070000290870667
0 0.5315000265836716 0.6900000274181366 0.16600003838539124 0.32100003957748413
0 0.8545000553131104 0.5670000165700912 0.09000003337860107 0.5510000288486481
0 0.7585000395774841 0.5850000232458115 0.08599996566772461 0.460999995470047
0 0.15850000828504562 0.5280000120401382 0.08400000631809235 0.4650000035762787
0 0.7090000510215759 0.5155000239610672 0.07700002193450928 0.4960000216960907
0 0.9685000479221344 0.5090000331401825 0.06000000238418579 0.5170000195503235
0 0.0435000037541613 0.17550000175833702 0.08200000715442002 0.3060000017285347
0 0.5145000219345093 0.24800000712275505 0.07400000095367432 0.31700000911951065
0 0.22050001472234726 0.28600001335144043 0.09800000488758087 0.23100000619888306
0 0.4065000116825104 0.18400000594556332 0.06999999284744263 0.2970000095665455
0 0.7605000138282776 0.20350000634789467 0.07400000095367432 0.2679999992251396
0 0.04300000274088234 0.142000000923872 0.0810000051278621 0.23900000005960464
0 0.9640000462532043 0.2160000056028366 0.0690000057220459 0.25699999928474426
0 0.6660000383853912 0.21250000968575478 0.06699997186660767 0.24800001829862595
0 0.13250000774860382 0.2200000174343586 0.07600000500679016 0.21300002187490463
0 0.8750000298023224 0.2005000077188015 0.053000032901763916 0.2640000060200691
0 0.3060000091791153 0.155500004068017 0.06299999356269836 0.2160000018775463
