0 0.032500002038432285 0.3630000203847885 0.06400000402936712 0.14100000262260437
0 0.8990000486373901 0.4325000196695328 0.06099998950958252 0.12600001692771912
0 0.05950000323355198 0.37400001287460327 0.04800000414252281 0.1029999852180481
0 0.8580000400543213 0.8080000281333923 0.281000018119812 0.3810000419616699
0 0.33150000870227814 0.7540000379085541 0.15400001406669617 0.48900002241134644
0 0.6275000274181366 0.8125000298023224 0.19999998807907104 0.3720000386238098
0 0.4320000261068344 0.8085000514984131 0.1810000240802765 0.3799999952316284
0 0.5060000419616699 0.5240000188350677 0.05900001525878906 0.22299998998641968
0 0.9705000519752502 0.5205000340938568 0.0559999942779541 0.11400002241134644
0 0.9125000536441803 0.5140000283718109 0.041999995708465576 0.05500000715255737
