0 0.3420000225305557 0.5595000088214874 0.13699999451637268 0.12599998712539673
0 0.6515000462532043 0.546500027179718 0.07200002670288086 0.09399998188018799
0 0.7230000197887421 0.5405000448226929 0.06300002336502075 0.10000002384185791
0 0.22700001299381256 0.5795000195503235 0.04700002074241638 0.10800004005432129
0 0.36000001430511475 0.5275000184774399 0.042999982833862305 0.08799996972084045
0 0.5805000364780426 0.5285000205039978 0.04000002145767212 0.0820000171661377
0 0.5480000078678131 0.5535000264644623 0.046999990940093994 0.06800001859664917
0 0.4635000228881836 0.5365000069141388 0.04400002956390381 0.06999999284744263
0 0.523000031709671 0.5360000133514404 0.04300004243850708 0.06099998950958252
0 0.3955000191926956 0.5590000152587891 0.04599997401237488 0.05299997329711914
0 0.6010000109672546 0.5585000216960907 0.04100000858306885 0.05399996042251587
0 0.49300001561641693 0.5520000457763672 0.03699997067451477 0.050999999046325684
0 0.7950000166893005 0.5455000400543213 0.04100000858306885 0.04400002956390381
0 0.9390000402927399 0.5390000343322754 0.030999958515167236 0.042999982833862305
0 0.8685000240802765 0.5440000295639038 0.03200000524520874 0.03900003433227539
