0 0.3460000157356262 0.6515000462532043 0.1589999794960022 0.6080000400543213
0 0.7620000243186951 0.6810000389814377 0.1690000295639038 0.5490000545978546
0 0.11900000460445881 0.6420000493526459 0.14500000700354576 0.5890000462532043
0 0.06650000388617627 0.7185000330209732 0.1320000077248551 0.5600000321865082
0 0.9075000584125519 0.4560000151395798 0.08799999952316284 0.33299997448921204
0 0.2930000126361847 0.4800000339746475 0.08499997854232788 0.23100003600120544
0 0.784000039100647 0.419500008225441 0.06299996376037598 0.164000004529953
0 0.035500000667525455 0.4090000092983246 0.07000000128755346 0.11100000143051147
0 0.812000036239624 0.34300002455711365 0.04900002479553223 0.06499999761581421
0 0.49550002813339233 0.6890000253915787 0.18599998950958252 0.5769999921321869
0 0.6415000259876251 0.6525000482797623 0.13200002908706665 0.5500000417232513
0 0.2160000130534172 0.5430000424385071 0.08300001919269562 0.3450000286102295
0 0.9750000536441803 0.7315000295639038 0.046999990940093994 0.534000039100647
0 0.41600000858306885 0.5490000247955322 0.0690000057220459 0.32899999618530273
0 0.8485000431537628 0.4570000171661377 0.05600005388259888 0.218999981880188
0 0.7265000343322754 0.42350001633167267 0.0700000524520874 0.1459999978542328
0 0.5324999988079071 0.4270000159740448 0.06000000238418579 0.15700000524520874
0 0.4595000296831131 0.43700002133846283 0.057999998331069946 0.13699999451637268
0 0.6025000214576721 0.4155000299215317 0.05200004577636719 0.14000001549720764
0 0.6920000314712524 0.4140000194311142 0.04100000858306885 0.15300002694129944
0 0.9550000429153442 0.3760000169277191 0.04700005054473877 0.11699998378753662
