1 0.5645000338554382 0.49150002002716064 0.10199999809265137 0.24199998378753662
0 0.4230000078678131 0.7910000383853912 0.39899998903274536 0.2930000424385071
0 0.8645000457763672 0.7415000200271606 0.13199996948242188 0.3320000171661377
0 0.6615000069141388 0.8435000479221344 0.11599999666213989 0.1459999680519104
0 0.8470000326633453 0.8490000367164612 0.09299999475479126 0.1390000581741333
0 0.5745000243186951 0.8530000448226929 0.09800004959106445 0.12699997425079346
0 0.13850000500679016 0.7100000381469727 0.062000006437301636 0.1629999876022339
0 0.08550000563263893 0.7300000488758087 0.06600000709295273 0.13099998235702515
0 0.8190000355243683 0.8440000414848328 0.05699998140335083 0.14300000667572021
0 0.8625000417232513 0.4945000261068344 0.050000011920928955 0.05600002408027649
