0 0.3460000082850456 0.5750000327825546 0.40300001204013824 0.7350000441074371
0 0.5475000441074371 0.4985000155866146 0.3360000252723694 0.8180000260472298
0 0.6865000426769257 0.5820000395178795 0.2900000214576721 0.6910000592470169
0 0.3020000159740448 0.16400000776047818 0.2770000100135803 0.3270000154734589
0 0.2835000157356262 0.1000000047206413 0.24000000953674316 0.19900000939378515
0 0.5015000104904175 0.09950000370736234 0.1940000057220459 0.19800000736722723
0 0.9560000598430634 0.30800002440810204 0.08499997854232788 0.44700003415346146
0 0.04700000162119977 0.18250000799889676 0.09300000319490209 0.3640000159502961
0 0.045000001293374225 0.2850000075995922 0.089000002539251 0.39100001007318497
0 0.6470000147819519 0.10100000674719922 0.14499998092651367 0.201000013446901
0 0.04100000063772313 0.1000000047206413 0.08100000122794881 0.19900000939378515
