1 0.40800002217292786 0.6525000333786011 0.16500002145767212 0.21000003814697266
1 0.31450001150369644 0.5405000150203705 0.17999999225139618 0.07600003480911255
1 0.2110000140964985 0.44850002229213715 0.1810000166296959 0.07000002264976501
1 0.596500039100647 0.48250003159046173 0.15400004386901855 0.0780000388622284
1 0.5820000171661377 0.4475000202655792 0.05900001525878906 0.04400002956390381
0 0.8855000436306 0.5135000050067902 0.1420000195503235 0.1899999976158142
0 0.835500031709671 0.2775000110268593 0.06999999284744263 0.1600000113248825
0 0.4455000162124634 0.3135000169277191 0.06400001049041748 0.17599999904632568
0 0.15450000762939453 0.3165000081062317 0.0520000159740448 0.12800002098083496
0 0.6385000050067902 0.3310000151395798 0.06000000238418579 0.09700003266334534
0 0.4765000194311142 0.27400001883506775 0.03599998354911804 0.07300001382827759
