1 0.8065000474452972 0.7135000228881836 0.37599998712539673 0.3680000305175781
1 0.6145000457763672 0.7050000131130219 0.26600003242492676 0.3790000081062317
1 0.9500000476837158 0.3385000228881836 0.09700000286102295 0.11000001430511475
0 0.19750000536441803 0.18700000966782682 0.20600000023841858 0.3730000192881562
0 0.09450000102515332 0.19000001574750058 0.1880000020028092 0.3790000314475037
0 0.9005000293254852 0.14500001395936124 0.19600003957748413 0.28900002787122503
0 0.3310000151395798 0.1925000133633148 0.15900000929832458 0.38400002667913213
0 0.4675000160932541 0.24250001087784767 0.1680000126361847 0.276000015437603
0 0.7135000228881836 0.28300000727176666 0.20200002193450928 0.210999995470047
0 0.729500025510788 0.13350001300568692 0.15000003576278687 0.2660000259638764
0 0.6315000355243683 0.17900000835652463 0.07600003480911255 0.3570000166655518
0 0.33650001883506775 0.08450000311131589 0.10199999809265137 0.16800000617513433
