0 0.7570000290870667 0.5860000252723694 0.4570000171661377 0.6030000448226929
0 0.12550000427290797 0.5560000315308571 0.22000000718981028 0.8010000437498093
0 0.12600000528618693 0.395500011742115 0.2210000092163682 0.48000000417232513
0 0.2815000116825104 0.29500002413988113 0.2160000205039978 0.27500002086162567
0 0.5270000398159027 0.36150001734495163 0.1290000081062317 0.45400001108646393
0 0.9735000431537628 0.388000026345253 0.050000011920928955 0.3890000283718109
0 0.38750001788139343 0.23200000822544098 0.08799999952316284 0.1509999930858612
0 0.7025000154972076 0.2785000130534172 0.08600002527236938 0.13599999248981476
0 0.7925000488758087 0.24550001323223114 0.05199998617172241 0.09000000357627869
0 0.7620000541210175 0.260500006377697 0.05500000715255737 0.06599999964237213
0 0.9520000219345093 0.21300001442432404 0.04100000858306885 0.05300000309944153
0 0.2850000150501728 0.6810000389814377 0.3750000223517418 0.6350000202655792
0 0.05950000460143201 0.5930000320076942 0.11800000915536657 0.8110000342130661
0 0.43650001287460327 0.42400000989437103 0.20200002193450928 0.3969999849796295
0 0.6370000541210175 0.4085000157356262 0.19300001859664917 0.3880000114440918
0 0.9190000593662262 0.4140000119805336 0.1589999794960022 0.36900000274181366
0 0.05900000358815305 0.42600003629922867 0.11700000712880865 0.47700004279613495
0 0.8360000252723694 0.3215000182390213 0.09500002861022949 0.1860000193119049
