1 0.3165000230073929 0.7910000383853912 0.2460000216960907 0.2730000615119934
0 0.788500040769577 0.6030000299215317 0.42000001668930054 0.7910000383853912
0 0.4605000168085098 0.4450000077486038 0.3020000159740448 0.511000007390976
0 0.11600000734324567 0.5110000222921371 0.2310000146389939 0.589000016450882
0 0.9435000419616699 0.6475000381469727 0.11000001430511475 0.7020000219345093
0 0.7005000412464142 0.34200001507997513 0.2279999852180481 0.2850000113248825
0 0.32350002229213715 0.3765000179409981 0.13600000739097595 0.26600001752376556
0 0.2355000078678131 0.3020000159740448 0.12999999523162842 0.2070000171661377
0 0.1230000052601099 0.2600000202655792 0.12300000712275505 0.08700001239776611
0 0.3010000139474869 0.2510000020265579 0.09099999070167542 0.0949999988079071
0 0.5595000386238098 0.27550002187490463 0.07599997520446777 0.08800001442432404
0 0.4180000126361847 0.265500009059906 0.06499999761581421 0.07400000095367432
0 0.6445000171661377 0.2850000113248825 0.04400002956390381 0.0650000274181366
0 0.6100000143051147 0.2630000114440918 0.04900002479553223 0.046999990940093994
