0 0.9105000495910645 0.6780000329017639 0.17599999904632568 0.6410000324249268
0 0.7380000352859497 0.6835000365972519 0.1690000295639038 0.5640000402927399
0 0.2160000056028366 0.6805000454187393 0.17899999022483826 0.5220000445842743
0 0.17900000885128975 0.6040000319480896 0.11900001019239426 0.3810000419616699
0 0.5225000083446503 0.5890000313520432 0.07999998331069946 0.3550000488758087
0 0.8595000207424164 0.5515000224113464 0.078000009059906 0.30400002002716064
0 0.016500001278473064 0.5920000374317169 0.03200000250944868 0.2850000262260437
0 0.6815000474452972 0.4540000259876251 0.058000028133392334 0.11900001764297485
0 0.6075000166893005 0.6735000461339951 0.13600003719329834 0.4800000488758087
0 0.36500002443790436 0.6420000195503235 0.13500002026557922 0.42900002002716064
0 0.4740000367164612 0.6560000330209732 0.12300002574920654 0.4650000035762787
0 0.28550001233816147 0.6280000358819962 0.09399999678134918 0.40500006079673767
0 0.09850000403821468 0.6230000257492065 0.08000000193715096 0.31700003147125244
0 0.04500000085681677 0.60350002348423 0.07300000078976154 0.2679999768733978
