0 0.6235000342130661 0.6645000278949738 0.47200003266334534 0.6680000424385071
0 0.5150000397115946 0.21300001442432404 0.9350000731647015 0.34300002455711365
0 0.0870000007271301 0.8950000405311584 0.17300000140676275 0.2070000171661377
0 0.08150000448222272 0.7485000491142273 0.162000008916948 0.14800000190734863
0 0.7855000495910645 0.8205000460147858 0.1119999885559082 0.1860000491142273
0 0.8525000512599945 0.753000020980835 0.11400002241134644 0.13300001621246338
0 0.15800000727176666 0.734000027179718 0.11300000548362732 0.13499999046325684
0 0.03050000171060674 0.503000020980835 0.06000000337371603 0.24699997901916504
0 0.23800001293420792 0.5875000357627869 0.10900001227855682 0.12000000476837158
0 0.25350000709295273 0.7505000233650208 0.10799999535083771 0.12000000476837158
0 0.9575000405311584 0.7635000348091125 0.0820000171661377 0.1239999532699585
0 0.8680000603199005 0.48100002110004425 0.1029999852180481 0.0949999988079071
0 0.9535000324249268 0.8655000329017639 0.09000003337860107 0.10000002384185791
0 0.13250000402331352 0.47850002348423004 0.10200000554323196 0.08800002932548523
0 0.25300000607967377 0.8095000386238098 0.0949999988079071 0.09000003337860107
0 0.9510000348091125 0.5135000348091125 0.08899998664855957 0.0820000171661377
0 0.8090000152587891 0.3735000044107437 0.09700000286102295 0.07600000500679016
0 0.1470000073313713 0.33150000870227814 0.10300000011920929 0.06799998879432678
0 0.8845000565052032 0.3345000147819519 0.0899999737739563 0.06800001859664917
