0 0.7730000615119934 0.7185000330209732 0.24500000476837158 0.5600000321865082
0 0.5230000168085098 0.7250000387430191 0.17899999022483826 0.5470000207424164
0 0.29750001430511475 0.5640000253915787 0.14800000190734863 0.4830000102519989
0 0.44450001418590546 0.7250000536441803 0.14399996399879456 0.46900004148483276
0 0.799500048160553 0.7090000361204147 0.13600003719329834 0.47700002789497375
0 0.9475000202655792 0.6290000379085541 0.08799999952316284 0.2670000195503235
0 0.9805000424385071 0.6895000487565994 0.03600001335144043 0.4200000464916229
0 0.11950000375509262 0.5990000367164612 0.05400000512599945 0.18700003623962402
0 0.7135000228881836 0.596500039100647 0.03600001335144043 0.10199999809265137
0 0.628000020980835 0.596500039100647 0.03100001811981201 0.10199999809265137
0 0.6840000152587891 0.6000000238418579 0.03100001811981201 0.09700000286102295
0 0.8715000450611115 0.6000000238418579 0.030000030994415283 0.09700000286102295
