0 0.757500022649765 0.5630000233650208 0.18000000715255737 0.5590000152587891
0 0.43050001561641693 0.5680000334978104 0.1680000126361847 0.5550000369548798
0 0.2645000070333481 0.6495000422000885 0.1459999978542328 0.6200000643730164
0 0.5980000495910645 0.5850000381469727 0.15299999713897705 0.5210000276565552
0 0.9300000369548798 0.5825000256299973 0.13700002431869507 0.5080000460147858
0 0.12200000695884228 0.3270000144839287 0.15700000897049904 0.22700001299381256
0 0.3435000032186508 0.25550001859664917 0.15000000596046448 0.20200002193450928
0 0.7780000269412994 0.18250000476837158 0.13099998235702515 0.20399999618530273
0 0.40800002217292786 0.18450001254677773 0.12099999189376831 0.20200001448392868
0 0.6190000474452972 0.3240000158548355 0.1290000081062317 0.20500001311302185
0 0.6550000309944153 0.11600000504404306 0.13100004196166992 0.19700000993907452
0 0.32900001108646393 0.33250001817941666 0.11300000548362732 0.21000002324581146
0 0.2645000070333481 0.3735000193119049 0.13199999928474426 0.1600000262260437
0 0.22700000554323196 0.12000000663101673 0.10500000417232513 0.19100001081824303
0 0.1055000014603138 0.19450000301003456 0.10599999874830246 0.17999999970197678
0 0.31700001657009125 0.12300000712275505 0.0949999988079071 0.1850000098347664
0 0.8850000202655792 0.1965000033378601 0.10100001096725464 0.171999990940094
0 0.049000003724358976 0.26500001549720764 0.09300000709481537 0.18900001049041748
0 0.6000000238418579 0.18700001016259193 0.08899998664855957 0.19300001114606857
0 0.5075000077486038 0.1120000034570694 0.08199998736381531 0.20100000500679016
0 0.5430000126361847 0.19200000539422035 0.08100003004074097 0.1849999949336052
0 0.9330000281333923 0.13100001029670238 0.08899998664855957 0.15900001302361488
0 0.7040000259876251 0.3305000215768814 0.06300002336502075 0.14400002360343933
0 0.9735000431537628 0.2045000120997429 0.050000011920928955 0.15399999916553497
