1 0.19850001484155655 0.6440000236034393 0.1040000170469284 0.1589999794960022
1 0.36500000953674316 0.6160000264644623 0.11900001764297485 0.13099998235702515
1 0.604500025510788 0.5780000388622284 0.10999995470046997 0.1290000081062317
1 0.2510000169277191 0.5925000309944153 0.04500001668930054 0.1119999885559082
1 0.8290000259876251 0.5445000231266022 0.05699998140335083 0.04399996995925903
1 0.4050000160932541 0.5940000116825104 0.04499998688697815 0.05500000715255737
0 0.3735000076412689 0.17600000227685086 0.7460000152350403 0.3510000045062043
0 0.37300001407857053 0.08850000376696698 0.7450000281096436 0.17600000748643652
0 0.051500001340173185 0.5200000256299973 0.09800000232644379 0.3570000231266022
0 0.5560000240802765 0.5040000081062317 0.10900002717971802 0.26499998569488525
0 0.9625000357627869 0.5745000243186951 0.07200002670288086 0.3700000047683716
0 0.33750002086162567 0.47050000727176666 0.11200001835823059 0.21199998259544373
0 0.17650000751018524 0.492000013589859 0.09200000762939453 0.21299999952316284
0 0.6940000355243683 0.47950004041194916 0.06499999761581421 0.2500000298023224
0 0.435000017285347 0.4800000339746475 0.06299999356269836 0.26100000739097595
0 0.6380000114440918 0.47450001537799835 0.06099998950958252 0.20000001788139343
0 0.82750004529953 0.43300002813339233 0.05799996852874756 0.12099999189376831
0 0.5610000193119049 0.0690000019967556 0.053000032901763916 0.05700000375509262
