1 0.40900002743001096 0.7915000319480896 0.8170000548125245 0.4140000343322754
1 0.4945000112056732 0.831000030040741 0.2839999794960022 0.33500003814697266
1 0.1655000075697899 0.8505000472068787 0.23200000822544098 0.29600000381469727
1 0.39150001108646393 0.7550000548362732 0.17200002074241638 0.29100000858306885
1 0.5995000302791595 0.7355000376701355 0.12599998712539673 0.30400002002716064
1 0.4820000231266022 0.39900001883506775 0.203000009059906 0.19700002670288086
1 0.09650000507826917 0.9200000464916229 0.1920000101090409 0.15700000524520874
1 0.9000000357627869 0.4490000307559967 0.09500002861022949 0.11900001764297485
1 0.542000025510788 0.4345000237226486 0.08300000429153442 0.12399998307228088
1 0.7320000529289246 0.9710000455379486 0.1690000295639038 0.05500000715255737
1 0.4410000145435333 0.40050002932548523 0.050999999046325684 0.09200000762939453
1 0.49250003695487976 0.43400001525878906 0.050000011920928955 0.07700002193450928
1 0.44950002431869507 0.3305000215768814 0.06599998474121094 0.057999998331069946
1 0.44050002098083496 0.41450002789497375 0.04799997806549072 0.06400001049041748
1 0.4035000056028366 0.3765000253915787 0.04399999976158142 0.062000006437301636
1 0.49150002002716064 0.37400001287460327 0.046000003814697266 0.05500000715255737
0 0.4530000239610672 0.2880000174045563 0.07500001788139343 0.05699998140335083
