1 0.2305000126361847 0.7200000286102295 0.31800001859664917 0.07700002193450928
0 0.6505000293254852 0.5585000216960907 0.24400001764297485 0.3460000157356262
0 0.17500000074505806 0.564500018954277 0.26099999994039536 0.2719999849796295
0 0.10900000805850141 0.5815000236034393 0.21700001606950536 0.2839999794960022
0 0.32100001722574234 0.5765000432729721 0.25300000607967377 0.22200003266334534
0 0.051500003290129825 0.5845000296831131 0.1020000065327622 0.32199999690055847
0 0.48850002884864807 0.5865000337362289 0.171999990940094 0.18400004506111145
0 0.40050002932548523 0.5800000131130219 0.14800000190734863 0.20499998331069946
0 0.32200001180171967 0.46000000834465027 0.1509999930858612 0.12099999189376831
0 0.7955000400543213 0.5715000033378601 0.08000004291534424 0.12999999523162842
0 0.9320000410079956 0.5840000510215759 0.07099997997283936 0.125
0 0.9010000228881836 0.5880000293254852 0.03299999237060547 0.10700005292892456
0 0.9785000383853912 0.5835000276565552 0.04000002145767212 0.07200002670288086
0 0.05200000430340879 0.5845000296831131 0.10300000855932012 0.32199999690055847
