0 0.3190000238537323 0.5840000212192535 0.6370000476599671 0.3709999918937683
0 0.44050003588199615 0.5780000239610672 0.15400001406669617 0.30500003695487976
0 0.7750000357627869 0.6160000413656235 0.11500000953674316 0.36500003933906555
0 0.12250000610947609 0.5835000276565552 0.11200001090765 0.3760000467300415
0 0.6850000321865082 0.5655000358819962 0.07300001382827759 0.3020000159740448
0 0.5370000004768372 0.554500013589859 0.0690000057220459 0.2720000147819519
0 0.5750000178813934 0.5530000180006027 0.053000032901763916 0.2589999735355377
0 0.8555000126361847 0.5195000171661377 0.06000000238418579 0.17799997329711914
0 0.9630000591278076 0.5140000134706497 0.0690000057220459 0.14299997687339783
0 0.8470000326633453 0.20350001007318497 0.07300001382827759 0.10599999129772186
0 0.3110000193119049 0.48500001430511475 0.06300002336502075 0.10699999332427979
0 0.020000000920845196 0.4815000295639038 0.03900000179419294 0.11800003051757812
