1 0.5045000314712524 0.7080000340938568 0.18400001525878906 0.1329999566078186
0 0.6145000457763672 0.43000002205371857 0.7280000448226929 0.45500001311302185
0 0.6010000109672546 0.46900004148483276 0.1629999876022339 0.3630000352859497
0 0.7260000109672546 0.40650002658367157 0.125 0.398000031709671
0 0.8270000219345093 0.4570000320672989 0.12300002574920654 0.3970000445842743
0 0.4595000296831131 0.4390000104904175 0.14200004935264587 0.3190000057220459
0 0.3165000230073929 0.4465000182390213 0.13199999928474426 0.29200002551078796
0 0.5195000320672989 0.39100001752376556 0.10600003600120544 0.33900001645088196
0 0.35600002110004425 0.40150002390146255 0.0990000069141388 0.3620000332593918
0 0.9255000650882721 0.35100000351667404 0.10600000619888306 0.30299998819828033
