0 0.6955000460147858 0.8190000355243683 0.1420000195503235 0.359000027179718
0 0.6945000290870667 0.557500034570694 0.08000004291534424 0.20800000429153442
0 0.4635000228881836 0.48750001192092896 0.04400002956390381 0.13999998569488525
1 0.5965000092983246 0.8390000462532043 0.15200001001358032 0.218999981880188
0 0.22600001096725464 0.7190000414848328 0.11900001764297485 0.49100005626678467
0 0.7725000381469727 0.8545000553131104 0.16200006008148193 0.2879999876022339
0 0.41350001096725464 0.8470000326633453 0.15200001001358032 0.3030000329017639
0 0.06500000084633939 0.8330000340938568 0.12900000164518133 0.33100003004074097
0 0.04550000230665319 0.6465000212192535 0.09000000456580892 0.3019999861717224
0 0.045000001293374225 0.5930000245571136 0.089000002539251 0.19499999284744263
0 0.27650000900030136 0.5670000314712524 0.056000009179115295 0.2070000171661377
0 0.819500058889389 0.5890000313520432 0.06800001859664917 0.19299998879432678
