0 0.3295000195503235 0.6790000349283218 0.11599999666213989 0.6390000283718109
0 0.901000052690506 0.6185000240802765 0.13099998235702515 0.4580000042915344
0 0.5370000302791595 0.6365000456571579 0.11100000143051147 0.4800000488758087
0 0.5365000367164612 0.5010000318288803 0.11000001430511475 0.20900002121925354
0 0.48750004172325134 0.49300001561641693 0.04000002145767212 0.13899996876716614
0 0.23100001364946365 0.6765000373125076 0.1730000227689743 0.6440000236034393
0 0.07300000215764157 0.6585000306367874 0.1450000042677857 0.6800000369548798
0 0.03699999998207204 0.658000037074089 0.07299999991664663 0.6810000240802765
0 0.07350000317092054 0.46650001406669617 0.14600000629434362 0.30000001192092896
0 0.9500000476837158 0.6295000314712524 0.07099997997283936 0.36000001430511475
0 0.7500000298023224 0.5895000100135803 0.053000032901763916 0.34200000762939453
