1 0.4985000416636467 0.6620000302791595 0.6820000559091568 0.3790000081062317
1 0.4295000061392784 0.6635000258684158 0.5420000106096268 0.3760000169277191
1 0.2840000167489052 0.7570000290870667 0.18700002133846283 0.19099998474121094
1 0.5045000165700912 0.7380000352859497 0.12200000882148743 0.18299996852874756
1 0.23850000649690628 0.6250000298023224 0.1600000113248825 0.13700002431869507
1 0.6440000236034393 0.6445000171661377 0.10900002717971802 0.18599998950958252
1 0.5735000371932983 0.593500018119812 0.10800004005432129 0.16600000858306885
1 0.7895000278949738 0.5260000377893448 0.09799998998641968 0.1390000283718109
1 0.4465000182390213 0.6015000343322754 0.06799998879432678 0.15799999237060547
1 0.3995000272989273 0.6160000264644623 0.06600001454353333 0.12700003385543823
1 0.34300002455711365 0.6000000238418579 0.05900001525878906 0.11699998378753662
1 0.8190000355243683 0.5380000174045563 0.03700000047683716 0.11100000143051147
1 0.7650000154972076 0.531000018119812 0.04500001668930054 0.07899999618530273
0 0.5475000292062759 0.44450001418590546 0.09800001978874207 0.242000013589859
0 0.34550002217292786 0.4410000294446945 0.07400000095367432 0.24500003457069397
0 0.6765000224113464 0.43650002777576447 0.07599997520446777 0.22600004076957703
0 0.05750000383704901 0.42750002443790436 0.06800000555813313 0.22600004076957703
0 0.43000002205371857 0.43400001525878906 0.07699999213218689 0.18900001049041748
0 0.7625000476837158 0.4155000299215317 0.07400000095367432 0.1860000193119049
0 0.5960000455379486 0.4190000295639038 0.05500000715255737 0.19900000095367432
0 0.023000001412583515 0.41050001978874207 0.04500000277766958 0.22400003671646118
0 0.4870000332593918 0.41100001335144043 0.06100001931190491 0.15700000524520874
0 0.9725000560283661 0.35200001299381256 0.05199998617172241 0.1770000159740448
0 0.5960000157356262 0.39500002562999725 0.05299997329711914 0.1509999930858612
0 0.8490000367164612 0.3920000195503235 0.04100000858306885 0.14499998092651367
