0 0.6345000267028809 0.3210000041872263 0.49800002574920654 0.5470000021159649
0 0.7140000313520432 0.7595000267028809 0.5690000355243683 0.35199999809265137
0 0.9180000424385071 0.20000000670552254 0.16100001335144043 0.23700001090765
0 0.27550002187490463 0.220000009983778 0.1900000125169754 0.19700000435113907
0 0.8100000321865082 0.09250000442261808 0.14899998903274536 0.1840000087977387
0 0.2865000143647194 0.06650000388617627 0.18800000846385956 0.1320000077248551
0 0.18900001421570778 0.08250000650878064 0.13700001686811447 0.16400001297006384
0 0.03650000269408338 0.16800001449882984 0.0720000053406693 0.25700002536177635
0 0.44850003719329834 0.060500003630295396 0.1640000343322754 0.11400000704452395
0 0.9250000417232513 0.09050000458955765 0.1470000147819519 0.12800000607967377
0 0.27000001072883606 0.11350000649690628 0.15299999713897705 0.11400000751018524
0 0.054000000905944034 0.05500000293250196 0.10700000176439062 0.10900000581750646
0 0.6770000457763672 0.03400000135297887 0.13499999046325684 0.06700000265846029
