0 0.8365000188350677 0.37300001084804535 0.15200001001358032 0.25699999928474426
0 0.6990000307559967 0.37050000578165054 0.12299996614456177 0.2719999998807907
0 0.5705000460147858 0.3735000118613243 0.11400002241134644 0.27400000393390656
0 0.28950001299381256 0.398000031709671 0.11800000071525574 0.24700003862380981
0 0.9560000598430634 0.36900001764297485 0.08499997854232788 0.24900001287460327
0 0.23150001466274261 0.4050000160932541 0.08000001311302185 0.22700002789497375
0 0.9470000565052032 0.4065000116825104 0.1029999852180481 0.18000000715255737
0 0.15000000596046448 0.4325000196695328 0.06499999761581421 0.11399999260902405
0 0.01800000059301965 0.39250002801418304 0.03500000113854185 0.21000000834465027
0 0.09150000289082527 0.4305000305175781 0.04200000315904617 0.12000000476837158
0 0.48250001668930054 0.26650001108646393 0.07400000095367432 0.05399999022483826
