0 0.36400001123547554 0.6290000230073929 0.48700001090765 0.4569999873638153
0 0.7400000393390656 0.5125000104308128 0.2590000033378601 0.6900000125169754
0 0.7905000448226929 0.1875000037252903 0.24000000953674316 0.20799999684095383
0 0.4970000088214874 0.12700001173652709 0.1850000023841858 0.24700002325698733
0 0.8990000486373901 0.14350000582635403 0.18700003623962402 0.20000000670552254
0 0.9295000433921814 0.3310000076889992 0.1380000114440918 0.19300000369548798
0 0.09600000735372305 0.2175000160932541 0.13700001128017902 0.15800002217292786
0 0.325500026345253 0.2435000091791153 0.13199999928474426 0.15400001406669617
0 0.6505000293254852 0.2735000178217888 0.12799996137619019 0.15200002491474152
0 0.6985000371932983 0.06449999983306043 0.12999999523162842 0.1279999996186234
0 0.6295000314712524 0.20600000768899918 0.09399998188018799 0.17499999701976776
0 0.6865000426769257 0.11550000496208668 0.08799999952316284 0.1680000089108944
0 0.8920000493526459 0.04600000331993215 0.13899999856948853 0.09100000659236684
0 0.020500000071479008 0.2175000086426735 0.040000000095460564 0.12800000607967377
0 0.6050000190734863 0.05900000358815305 0.0989999771118164 0.11700000712880865
