1 0.7045000493526459 0.7160000205039978 0.1420000195503235 0.2250000238418579
1 0.40800002217292786 0.7545000314712524 0.1690000295639038 0.17400002479553223
1 0.5595000237226486 0.7410000562667847 0.15000000596046448 0.1809999942779541
1 0.140500009059906 0.7235000133514404 0.12400001287460327 0.14800000190734863
1 0.45750002562999725 0.6760000288486481 0.10200002789497375 0.16300004720687866
1 0.5365000218153 0.713500052690506 0.10599997639656067 0.12599998712539673
0 0.6910000443458557 0.3435000292956829 0.23500001430511475 0.49400005489587784
0 0.3070000112056732 0.20000001415610313 0.10900002717971802 0.22100002318620682
0 0.4455000162124634 0.13050000369548798 0.050000011920928955 0.085999995470047
0 0.5250000357627869 0.23250001668930054 0.12300002574920654 0.2760000228881836
0 0.40050001442432404 0.22750001400709152 0.09599998593330383 0.24000002443790436
