0 0.3890000283718109 0.7380000352859497 0.2590000033378601 0.5210000276565552
0 0.5885000079870224 0.6630000323057175 0.21599999070167542 0.40300002694129944
0 0.7980000376701355 0.7185000479221344 0.16100001335144043 0.44600003957748413
0 0.7880000174045563 0.4595000296831131 0.1850000023841858 0.23600003123283386
0 0.9040000438690186 0.5195000320672989 0.11899995803833008 0.2640000283718109
0 0.34400002658367157 0.49000002443790436 0.14100000262260437 0.2150000035762787
0 0.26350000500679016 0.5610000342130661 0.10199999809265137 0.29100003838539124
0 0.9505000412464142 0.5180000066757202 0.09600001573562622 0.22699999809265137
0 0.4920000284910202 0.44300001859664917 0.10700002312660217 0.19700002670288086
0 0.6355000436306 0.5080000162124634 0.078000009059906 0.17900002002716064
0 0.45350003242492676 0.5440000295639038 0.078000009059906 0.13499999046325684
