0 0.16450000926852226 0.7180000245571136 0.17800001055002213 0.4030000567436218
0 0.4020000249147415 0.5795000344514847 0.06700000166893005 0.17000004649162292
0 0.48750004172325134 0.5850000083446503 0.050000011920928955 0.15700000524520874
0 0.6485000550746918 0.588500052690506 0.041999995708465576 0.17000001668930054
0 0.11650000885128975 0.5540000200271606 0.03800000995397568 0.1549999713897705
0 0.6890000402927399 0.5525000095367432 0.05699998140335083 0.10000002384185791
0 0.2655000165104866 0.5595000237226486 0.035999998450279236 0.13199999928474426
0 0.213500015437603 0.5505000352859497 0.035999998450279236 0.12800002098083496
0 0.11700000986456871 0.5330000221729279 0.037000007927417755 0.11299997568130493
0 0.15650000423192978 0.5290000140666962 0.035999998450279236 0.1029999852180481
0 0.8605000674724579 0.5770000219345093 0.03200000524520874 0.0989999771118164
