0 0.7910000383853912 0.7065000236034393 0.29899996519088745 0.5419999957084656
0 0.6290000379085541 0.5975000411272049 0.28300005197525024 0.34800001978874207
0 0.4935000240802765 0.37950002402067184 0.18800002336502075 0.3320000320672989
0 0.542000025510788 0.5010000169277191 0.15500003099441528 0.3610000014305115
0 0.7930000424385071 0.5330000072717667 0.14900004863739014 0.3630000054836273
0 0.595500037074089 0.37300001084804535 0.19600000977516174 0.19100001454353333
0 0.3075000196695328 0.14750000834465027 0.12600001692771912 0.2720000147819519
0 0.5305000245571136 0.18000001460313797 0.16200000047683716 0.15900002419948578
0 0.5895000100135803 0.265500009059906 0.1119999885559082 0.18400001525878906
0 0.5840000212192535 0.13650000467896461 0.08900004625320435 0.16600000113248825
