0 0.29650002159178257 0.7435000538825989 0.49800003692507744 0.3880000114440918
0 0.851000040769577 0.757500022649765 0.28700000047683716 0.40800005197525024
0 0.12649999881978147 0.3830000087618828 0.2519999975920655 0.3669999986886978
0 0.3945000320672989 0.7960000336170197 0.30000004172325134 0.28700000047683716
0 0.41600002348423004 0.6070000231266022 0.289000004529953 0.20499998331069946
1 0.5955000221729279 0.7460000216960907 0.1860000491142273 0.2789999842643738
0 0.7485000491142273 0.5525000244379044 0.21000003814697266 0.4320000112056732
0 0.518500030040741 0.4085000306367874 0.22200000286102295 0.4200000464916229
0 0.6180000305175781 0.44200003147125244 0.1629999876022339 0.36500000953674316
0 0.3595000207424164 0.3245000094175339 0.13999998569488525 0.4180000126361847
