0 0.40300002694129944 0.5415000170469284 0.2930000424385071 0.5280000269412994
0 0.5870000422000885 0.5250000357627869 0.23900002241134644 0.565000057220459
0 0.9475000500679016 0.6225000321865082 0.10199999809265137 0.2540000081062317
0 0.7635000348091125 0.5935000330209732 0.07599997520446777 0.1900000274181366
0 0.8890000581741333 0.5895000398159027 0.06099998950958252 0.18000000715255737
0 0.5925000011920929 0.581000030040741 0.06000000238418579 0.15900003910064697
0 0.8595000505447388 0.5565000176429749 0.03400003910064697 0.10199999809265137
0 0.17900000512599945 0.5485000312328339 0.03700000047683716 0.0899999737739563
0 0.27650001645088196 0.5415000319480896 0.041999995708465576 0.07400000095367432
0 0.12200000882148743 0.5500000417232513 0.039000004529953 0.08300000429153442
0 0.21900001168251038 0.5475000143051147 0.03299999237060547 0.09000003337860107
0 0.025500000454485416 0.5455000400543213 0.03399999998509884 0.08399999141693115
0 0.6500000357627869 0.5680000185966492 0.03299999237060547 0.07700002193450928
0 0.7100000381469727 0.5735000371932983 0.04100000858306885 0.06599998474121094
0 0.8085000216960907 0.5795000195503235 0.041999995708465576 0.05799996852874756
