0 0.07250000117346644 0.5695000290870667 0.11400000099092722 0.3059999942779541
0 0.06350000388920307 0.310000017285347 0.1080000065267086 0.28700003027915955
0 0.11000000685453415 0.3270000144839287 0.09100000560283661 0.3010000139474869
0 0.2460000142455101 0.5980000197887421 0.29100002348423004 0.40700000524520874
0 0.06400000490248203 0.310000017285347 0.10900000855326653 0.28700003027915955
0 0.22800001502037048 0.3190000131726265 0.10100001096725464 0.2850000113248825
0 0.017500001442385837 0.5180000215768814 0.034000002837274224 0.4009999930858612
0 0.4700000286102295 0.620000034570694 0.09700000286102295 0.14500004053115845
0 0.4740000218153 0.3460000157356262 0.07100000977516174 0.14499998092651367
0 0.4360000193119049 0.33900001645088196 0.04100000858306885 0.12300002574920654
0 0.5595000386238098 0.265500009059906 0.0559999942779541 0.1340000033378601
