1 0.7795000374317169 0.4970000237226486 0.16200000047683716 0.26500001549720764
1 0.48600001633167267 0.6895000338554382 0.132999986410141 0.3020000457763672
1 0.45000001788139343 0.3410000205039978 0.16699999570846558 0.13300001621246338
1 0.41450002789497375 0.34150001406669617 0.09600001573562622 0.1340000033378601
1 0.4790000170469284 0.3570000231266022 0.10899999737739563 0.08300000429153442
1 0.47950001060962677 0.3815000057220459 0.1080000102519989 0.03200000524520874
0 0.2930000200867653 0.5200000330805779 0.2290000170469284 0.7610000520944595
0 0.5830000340938568 0.3200000301003456 0.19499999284744263 0.5410000532865524
0 0.8555000424385071 0.20400001481175423 0.08599996566772461 0.26900001615285873
0 0.7395000457763672 0.28300000727176666 0.09399998188018799 0.22499999403953552
0 0.3700000196695328 0.25450000166893005 0.08500000834465027 0.10199999809265137
0 0.3505000174045563 0.25300000607967377 0.04799997806549072 0.0990000069141388
