0 0.3140000104904175 0.7765000462532043 0.22299998998641968 0.406000018119812
0 0.39400000870227814 0.7975000441074371 0.2150000035762787 0.37599998712539673
0 0.36500002443790436 0.43150001764297485 0.2970000207424164 0.22200000286102295
0 0.581000030040741 0.8750000298023224 0.24500000476837158 0.24700003862380981
0 0.7250000536441803 0.8035000264644623 0.16699999570846558 0.3360000252723694
0 0.43700002133846283 0.8785000443458557 0.1990000307559967 0.24000000953674316
0 0.8845000267028809 0.718500018119812 0.12000000476837158 0.312000036239624
0 0.6975000202655792 0.6750000417232513 0.10600000619888306 0.29500001668930054
0 0.29900001734495163 0.6030000150203705 0.11699999868869781 0.1290000081062317
0 0.4230000227689743 0.5915000140666962 0.1210000216960907 0.09799998998641968
0 0.9755000472068787 0.7775000333786011 0.046000003814697266 0.1640000343322754
0 0.9615000486373901 0.9485000371932983 0.07400000095367432 0.10000002384185791
