0 0.32050000454182737 0.6585000306367874 0.6400000090361573 0.4059999883174896
0 0.08750000037252903 0.6845000386238098 0.0819999985396862 0.2799999713897705
0 0.1590000055730343 0.6910000443458557 0.07499999552965164 0.29100000858306885
0 0.22350001335144043 0.6725000441074371 0.078000009059906 0.2639999985694885
0 0.02750000121886842 0.695000022649765 0.05400000239023939 0.3330000042915344
0 0.30400000512599945 0.6430000364780426 0.08100000023841858 0.22700005769729614
0 0.37950001657009125 0.5880000293254852 0.0520000159740448 0.20499998331069946
0 0.42750002443790436 0.5670000463724136 0.062000006437301636 0.16700002551078796
0 0.5730000138282776 0.5480000227689743 0.05299997329711914 0.18299999833106995
0 0.6095000207424164 0.5465000420808792 0.058000028133392334 0.15400001406669617
