0 0.5750000178813934 0.8320000171661377 0.11299997568130493 0.2630000114440918
0 0.3685000091791153 0.6780000329017639 0.09000000357627869 0.2929999828338623
0 0.13500000908970833 0.5995000451803207 0.07500001043081284 0.2500000298023224
0 0.46950002014636993 0.38350002467632294 0.09199997782707214 0.1860000193119049
0 0.5300000011920929 0.16900000721216202 0.046999990940093994 0.2850000113248825
0 0.6620000302791595 0.10200000132317655 0.05699998140335083 0.20300000259885564
0 0.11150000616908073 0.2525000125169754 0.07200000435113907 0.11200001835823059
0 0.7715000212192535 0.06449999983306043 0.058000028133392334 0.1279999996186234
0 0.20550000667572021 0.06449999983306043 0.0559999942779541 0.1279999996186234
0 0.5980000197887421 0.1430000104010105 0.04500001668930054 0.13500001281499863
0 0.874500036239624 0.05600000123376958 0.046000003814697266 0.11100000242004171
0 0.12650000303983688 0.044500000280095264 0.04999999701976776 0.08800000051269308
