1 0.7170000374317169 0.6360000371932983 0.046999990940093994 0.1809999942779541
0 0.4205000251531601 0.5225000083446503 0.25200000405311584 0.3199999928474426
0 0.39900001883506775 0.5580000132322311 0.12700003385543823 0.24899998307228088
0 0.4325000196695328 0.5035000294446945 0.062000006437301636 0.17800000309944153
0 0.32100000977516174 0.4415000230073929 0.046999990940093994 0.15400001406669617
0 0.5240000188350677 0.4440000355243683 0.04300004243850708 0.15500003099441528
0 0.34700000286102295 0.435000017285347 0.03700000047683716 0.14100000262260437
0 0.4800000339746475 0.45250001549720764 0.034999996423721313 0.12400001287460327
0 0.43050001561641693 0.4490000307559967 0.057999998331069946 0.0690000057220459
0 0.4580000191926956 0.45650002360343933 0.030999988317489624 0.11400002241134644
0 0.37800002098083496 0.40550002455711365 0.03700000047683716 0.08399999141693115
0 0.3775000125169754 0.39350003004074097 0.034000009298324585 0.06000000238418579
0 0.406000018119812 0.4270000159740448 0.03299999237060547 0.05500000715255737
