0 0.7310000360012054 0.5820000320672989 0.15099996328353882 0.2510000169277191
0 0.02800000223214738 0.5415000319480896 0.05500000441679731 0.312000036239624
0 0.16050000488758087 0.5055000334978104 0.07600000500679016 0.2080000340938568
0 0.6890000402927399 0.5020000338554382 0.05699998140335083 0.17900002002716064
0 0.27400001138448715 0.47350001335144043 0.05100001394748688 0.18599998950958252
0 0.49000003933906555 0.48850004374980927 0.05500000715255737 0.15800002217292786
0 0.9770000576972961 0.48850002884864807 0.042999982833862305 0.1899999976158142
0 0.2225000038743019 0.40650002658367157 0.06800000369548798 0.09999999403953552
0 0.5910000503063202 0.4385000169277191 0.05500000715255737 0.11400002241134644
0 0.6530000269412994 0.4335000216960907 0.04899996519088745 0.09600001573562622
0 0.23350001499056816 0.7565000355243683 0.3160000219941139 0.484000027179718
0 0.8590000569820404 0.7405000329017639 0.24700003862380981 0.5160000324249268
0 0.5695000439882278 0.7740000486373901 0.2640000283718109 0.4490000009536743
0 0.403500035405159 0.6855000257492065 0.22800001502037048 0.3999999761581421
0 0.07600000078673474 0.7790000438690186 0.15100000152597204 0.4390000104904175
0 0.36400000751018524 0.5725000351667404 0.1730000078678131 0.27000001072883606
0 0.9200000464916229 0.870000034570694 0.15700000524520874 0.25700002908706665
0 0.10700000450015068 0.6055000126361847 0.10900000482797623 0.2919999957084656
0 0.3305000215768814 0.5295000225305557 0.11399999260902405 0.23600003123283386
0 0.030000000697327778 0.8390000462532043 0.059000001347158104 0.3190000057220459
0 0.5440000146627426 0.523000031709671 0.11099997162818909 0.16300004720687866
0 0.1060000080615282 0.5400000214576721 0.10100000724196434 0.16100001335144043
0 0.22300001233816147 0.5070000290870667 0.11100001633167267 0.14300000667572021
0 0.6305000483989716 0.49400000274181366 0.06999999284744263 0.16499999165534973
0 0.8570000231266022 0.4580000191926956 0.07300001382827759 0.12299999594688416
0 0.23150000721216202 0.4930000305175781 0.0820000022649765 0.11500000953674316
0 0.9540000557899475 0.453000009059906 0.03900003433227539 0.08300000429153442
