0 0.6220000088214874 0.48750002682209015 0.1290000081062317 0.320000022649765
0 0.2965000122785568 0.08800000697374344 0.09400001168251038 0.15300001204013824
0 0.40000002086162567 0.09600000688806176 0.04899999499320984 0.1670000134035945
0 0.10350000485777855 0.08950000070035458 0.06000000983476639 0.1380000002682209
0 0.04800000321120024 0.09400000143796206 0.05700000561773777 0.12899999879300594
0 0.31300000846385956 0.07150000333786011 0.06100001931190491 0.12000000476837158
0 0.2655000165104866 0.08750000596046448 0.048000022768974304 0.15200001001358032
0 0.26500000804662704 0.06750000268220901 0.04700000584125519 0.1120000034570694
0 0.031000002287328243 0.058500004350207746 0.0410000029951334 0.11200000834651291
0 0.07450000382959843 0.056500001810491085 0.04600000008940697 0.09600000269711018
