0 0.45500002801418304 0.5565000288188457 0.367000013589859 0.8840000405907631
0 0.788500040769577 0.43900002306327224 0.17600005865097046 0.8510000454261899
0 0.2750000134110451 0.6235000342130661 0.19300000369548798 0.682000070810318
0 0.9210000336170197 0.7145000398159027 0.15500003099441528 0.5680000185966492
0 0.2745000198483467 0.49650003015995026 0.18800000846385956 0.4280000627040863
0 0.7930000424385071 0.8400000333786011 0.218999981880188 0.31700003147125244
0 0.49150002002716064 0.15650000001187436 0.18599998950958252 0.3119999999762513
0 0.10600000550039113 0.34700001776218414 0.20300001045688987 0.20900002121925354
0 0.9225000441074371 0.28700002282857895 0.10799998044967651 0.13900001347064972
0 0.6945000290870667 0.5515000261366367 0.21800005435943604 0.8940000459551811
