0 0.2410000115633011 0.7250000238418579 0.3110000193119049 0.5410000085830688
0 0.8020000159740448 0.622500017285347 0.17500001192092896 0.26600000262260437
0 0.3785000294446945 0.5275000333786011 0.10400000214576721 0.14600002765655518
0 0.48100003600120544 0.5355000197887421 0.0910000205039978 0.15399998426437378
0 0.5845000445842743 0.4815000295639038 0.06999999284744263 0.15799999237060547
0 0.9095000326633453 0.48900000751018524 0.07199996709823608 0.14699998497962952
0 0.04300000239163637 0.4845000058412552 0.07300000451505184 0.1379999816417694
0 0.6430000364780426 0.47850002348423004 0.061000049114227295 0.1340000331401825
0 0.1290000081062317 0.505500003695488 0.07300001382827759 0.09599998593330383
0 0.9745000600814819 0.4790000170469284 0.04799997806549072 0.13899996876716614
0 0.4270000159740448 0.5100000351667404 0.05500000715255737 0.11500003933906555
