0 0.4085000082850456 0.804000049829483 0.5019999891519547 0.3889999985694885
0 0.6820000410079956 0.7745000422000885 0.35500001907348633 0.4480000138282776
0 0.287500012665987 0.2915000170469284 0.39400001615285873 0.3620000183582306
0 0.17300000716932118 0.49900001287460327 0.33700001379475 0.38499999046325684
0 0.8960000574588776 0.6750000268220901 0.20499998331069946 0.6470000445842743
0 0.13550000215764157 0.7715000510215759 0.2700000042677857 0.45399999618530273
0 0.866500049829483 0.22750001028180122 0.2639999985694885 0.440000019967556
0 0.6135000288486481 0.20800001453608274 0.2540000081062317 0.3990000281482935
0 0.46950002014636993 0.4895000159740448 0.3580000102519989 0.265999972820282
0 0.2110000140964985 0.630000039935112 0.2550000175833702 0.367000013589859
0 0.7410000264644623 0.5100000351667404 0.23700004816055298 0.24700000882148743
0 0.8880000412464142 0.10800000603194349 0.22100001573562622 0.21500001201638952
0 0.9470000565052032 0.3010000139474869 0.1029999852180481 0.12700000405311584
