0 0.44950002431869507 0.6415000259876251 0.3880000114440918 0.6899999976158142
0 0.08300000429153442 0.5140000283718109 0.09700000286102295 0.6370000243186951
0 0.9405000507831573 0.5565000176429749 0.11599999666213989 0.46399998664855957
0 0.24150001257658005 0.5710000246763229 0.1120000034570694 0.49500003457069397
0 0.8125000298023224 0.5770000368356705 0.11599999666213989 0.445000022649765
0 0.5785000026226044 0.5210000425577164 0.10600000619888306 0.48100003600120544
0 0.14800000935792923 0.5600000321865082 0.09100000560283661 0.5530000329017639
0 0.3375000059604645 0.5145000368356705 0.10600000619888306 0.4400000274181366
0 0.7010000348091125 0.5430000126361847 0.09700000286102295 0.4710000157356262
0 0.468500018119812 0.5225000232458115 0.09399998188018799 0.4800000488758087
0 0.8675000667572021 0.5275000333786011 0.07400000095367432 0.4880000352859497
0 0.2825000062584877 0.5405000299215317 0.06800000369548798 0.49000003933906555
0 0.024000001576496288 0.5790000259876251 0.047000003105495125 0.4970000386238098
