1 0.44450001418590546 0.35750001668930054 0.2619999945163727 0.20200002193450928
0 0.6615000367164612 0.7815000414848328 0.24000000953674316 0.43400001525878906
0 0.41050003468990326 0.6820000112056732 0.29600003361701965 0.31300002336502075
0 0.8750000596046448 0.5060000270605087 0.2250000238418579 0.22700002789497375
0 0.3245000094175339 0.6765000224113464 0.15000000596046448 0.3240000009536743
0 0.44950003921985626 0.6185000240802765 0.21800002455711365 0.1860000491142273
0 0.8630000352859497 0.6095000207424164 0.16499996185302734 0.1980000138282776
0 0.9435000419616699 0.6545000374317169 0.11000001430511475 0.27399998903274536
0 0.7400000095367432 0.6655000448226929 0.11500000953674316 0.2120000123977661
0 0.08150000218302011 0.6075000166893005 0.14200000278651714 0.17400002479553223
0 0.3245000094175339 0.5840000212192535 0.1459999978542328 0.13899999856948853
0 0.6305000483989716 0.5925000309944153 0.11400002241134644 0.1380000114440918
0 0.9430000483989716 0.57750004529953 0.10900002717971802 0.12000000476837158
0 0.016000000265194103 0.7250000536441803 0.031000000482890755 0.12099999189376831
