0 0.4790000319480896 0.5615000277757645 0.5010000467300415 0.30000004172325134
0 0.1300000064074993 0.43400001525878906 0.07699999958276749 0.24699997901916504
0 0.09650000743567944 0.500500038266182 0.07600000873208046 0.17200002074241638
0 0.8695000410079956 0.5030000358819962 0.07799994945526123 0.15900000929832458
0 0.3635000139474869 0.5175000131130219 0.08400002121925354 0.1340000033378601
0 0.03900000030989759 0.5250000208616257 0.07700000057229772 0.12700000405311584
0 0.5820000171661377 0.382500022649765 0.0690000057220459 0.15200001001358032
0 0.7985000312328339 0.503000020980835 0.06199997663497925 0.16100001335144043
0 0.7315000295639038 0.5045000314712524 0.06200003623962402 0.156000018119812
0 0.9075000584125519 0.518500030040741 0.06999999284744263 0.12999999523162842
0 0.02500000174040906 0.4150000214576721 0.04900000343332067 0.1690000295639038
0 0.7430000305175781 0.39400002360343933 0.07299995422363281 0.11500000953674316
0 0.3370000123977661 0.3970000147819519 0.05699998140335083 0.14300000667572021
0 0.1965000107884407 0.41450001299381256 0.0820000022649765 0.09800001978874207
0 0.6600000262260437 0.46000002324581146 0.06299996376037598 0.10899999737739563
0 0.5990000367164612 0.49000002443790436 0.05299997329711914 0.12900003790855408
0 0.6420000493526459 0.528500035405159 0.05500000715255737 0.1080000102519989
0 0.3095000088214874 0.38350002467632294 0.03799998760223389 0.11800000071525574
0 0.5355000197887421 0.3850000202655792 0.05199998617172241 0.08700001239776611
0 0.6920000314712524 0.550000011920929 0.05900001525878906 0.07099997997283936
