0 0.3045 0.69950002950949 0.218 0.5040000480216544
0 0.8235 0.46949999468462605 0.088 0.3059999849703219
0 0.937 0.4649999922102278 0.083 0.23699999285173845
0 0.5875 0.49249999587600296 0.068 0.25599998038810295
0 0.102 0.47150001869545327 0.093 0.1840000095310154
0 0.198 0.4585000000916444 0.081 0.19199999101885087
0 0.7205 0.4815000012830213 0.06 0.21999998350401181
0 0.248 0.45149999624258047 0.057 0.1699999789217929
0 0.677 0.4875000045822189 0.043 0.1879999659082911
0 0.172 0.4504999956927142 0.043 0.16799997782206033
0 0.8705 0.4570000107223923 0.042 0.15699999468462603
0 0.6325 0.4740000086145716 0.04 0.15100001429652307
