1 0.21350000185125015 0.856 0.2760000088635613 0.181
0 0.48399998159969554 0.5035 0.32899994943656174 0.914
0 0.633999974119897 0.3365 0.09299996319939108 0.418
0 0.3789999905754538 0.2535 0.11100002363616344 0.258
0 0.9339999778597963 0.314 0.12900004667394302 0.135
0 0.7559999952129289 0.293 0.10299996768727022 0.157
0 0.6354999729231292 0.2065 0.08999996559292663 0.158
0 0.11150000142116173 0.2655 0.09800000284232345 0.154
0 0.8459999982048484 0.241 0.07899998683555454 0.091
0 0.9720000098733341 0.2875 0.05299998264686734 0.104
