0 0.297 0.742000030326445 0.497 0.38300000152906444
0 0.851 0.7590000096840749 0.283 0.4090000224262787
0 0.126 0.38300000949294183 0.251 0.36500002994417896
0 0.3945 0.7960000247198754 0.3 0.28699998318029096
0 0.4155 0.6085000087921206 0.286 0.20599999159014548
1 0.5955 0.7459999992354678 0.184 0.27900004536224554
0 0.7485 0.5515000058614138 0.21 0.4300000025484408
0 0.5195 0.4090000064985239 0.222 0.4210000247198754
0 0.617 0.4430000050331705 0.163 0.3670000143986903
0 0.3595 0.3244999943297193 0.138 0.4179999843270893
