1 0.7484999730772243 0.7875 0.5 0.422
0 0.3169999934154047 0.6375 0.6329999868582962 0.714
0 0.8094999843970277 0.5035 0.21000002141584428 0.194
0 0.936999978278215 0.6035 0.12299998959801849 0.246
0 0.5634999860797012 0.5775 0.05400001315544721 0.14
0 0.7319999828673246 0.5505 0.06300005996436403 0.088
0 0.6864999947990092 0.5565 0.0520000409960448 0.092
0 0.5639999886801966 0.538 0.05300000795445645 0.061
0 0.5249999961757421 0.5395 0.04700001499109101 0.064
0 0.6875 0.538 0.050000030594063286 0.055
