1 0.553 0.214 0.213 0.347
0 0.347 0.6925 0.389 0.44
0 0.1495 0.624 0.058 0.215
0 0.6655 0.5525 0.048 0.174
0 0.7265 0.573 0.05 0.161
0 0.9135 0.5985 0.064 0.114
0 0.786 0.556 0.045 0.159
0 0.7045 0.3975 0.064 0.112
0 0.2485 0.563 0.054 0.119
0 0.632 0.5555 0.041 0.158
0 0.893 0.372 0.047 0.119
0 0.293 0.6395 0.061 0.09
0 0.958 0.5965 0.045 0.11
0 0.5805 0.41 0.048 0.099
0 0.878 0.5605 0.041 0.116
0 0.7265 0.5015 0.056 0.066
0 0.78 0.385 0.039 0.091
0 0.9425 0.5045 0.042 0.082
0 0.5525 0.4105 0.038 0.09
0 0.6315 0.519 0.04 0.085
0 0.2165 0.6235 0.046 0.07
0 0.8845 0.4925 0.04 0.082
0 0.714 0.3165 0.039 0.084
0 0.191 0.6105 0.035 0.088
0 0.8125 0.526 0.034 0.085
0 0.8475 0.5055 0.042 0.06
0 0.511 0.396 0.033 0.055
0 0.7385 0.3725 0.032 0.056
0 0.5965 0.5475 0.03 0.032
