1 0.63 0.7079999998167112 0.103 0.28499995051203547
1 0.9015 0.5769999965175137 0.124 0.14700001209705799
1 0.093 0.6440000104474591 0.113 0.13100000329919764
1 0.078 0.5460000023827538 0.055 0.07899997470615146
1 0.15 0.5484999923018722 0.033 0.0739999948679148
0 0.543 0.4465000078126833 0.209 0.7960000195660749
0 0.3345 0.45500002107820714 0.22 0.48700001576283314
0 0.799 0.5285000271267362 0.107 0.25800000439893017
0 0.204 0.46800000531537395 0.067 0.2829999952344923
0 0.0525 0.46050001264692425 0.062 0.23999999450133727
0 0.132 0.46150000174124317 0.063 0.22200000751483906
0 0.383 0.4640000031159089 0.057 0.2469999754393065
0 0.6815 0.4575000224528728 0.056 0.23600001521296687
0 0.6185 0.4425000027493314 0.052 0.25200000109973253
0 0.6535 0.45900001182212485 0.052 0.22500003207553257
0 0.177 0.4559999987169787 0.047 0.22500000916443788
0 0.421 0.45149999624258047 0.043 0.2019999965175136
0 0.092 0.43450000980594855 0.037 0.16400002144478462
