1 0.4275 0.5329999896841989 0.174 0.2829999896841989
0 0.758 0.5629999832368233 0.181 0.5589999991403499
0 0.431 0.5674999935526244 0.169 0.5559999922631492
0 0.2645 0.648999990543849 0.144 0.6210000051579005
0 0.5985 0.5854999918333241 0.152 0.5199999957017496
0 0.9305 0.5824999742104974 0.136 0.5079999896841989
0 0.122 0.3275000021491252 0.157 0.22600000945615098
0 0.3435 0.2554999929078868 0.15 0.20199998667542363
0 0.4305 0.3739999797982229 0.166 0.16699998882454886
0 0.7785 0.18249999570174957 0.132 0.20399999484209946
0 0.408 0.18449999043639276 0.121 0.2019999813026106
0 0.619 0.32349998581577355 0.129 0.20399997335084727
0 0.6465 0.11549999344516808 0.112 0.19599998903946136
0 0.3295 0.331999980228048 0.112 0.20899997764909772
0 0.2645 0.373999990543849 0.132 0.1589999776490977
0 0.228 0.11999999167213977 0.105 0.19099998742761745
0 0.1055 0.19449999634648713 0.106 0.17999999355262433
0 0.317 0.12249999247806173 0.095 0.18599998581577354
0 0.8855 0.19649999376753685 0.1 0.1720000038684254
0 0.6 0.18699998989911146 0.089 0.19299998753507372
0 0.0495 0.2644999866754236 0.092 0.18799999398244938
0 0.5075 0.11199999997313594 0.082 0.20100000005372812
0 0.543 0.1919999941973619 0.081 0.1849999978508748
0 0.9325 0.13100000032236878 0.088 0.15900000451316296
