0 0.4045000055053983 0.5415 0.29400000965143896 0.528
0 0.5884999910282398 0.525 0.23999995378184158 0.565
0 0.9480000179435203 0.6225 0.10099999782502785 0.254
0 0.7644999956500557 0.5935 0.07600005219933186 0.19
0 0.8905000070686595 0.59 0.0600000054374304 0.181
0 0.5945000085639529 0.581 0.06000003942137041 0.159
0 0.8615000157685482 0.557 0.033999980425250556 0.103
0 0.18050000502962313 0.5485 0.03600000326245824 0.09
0 0.2775000081561456 0.5415 0.04200000380620128 0.074
0 0.12350000411205674 0.55 0.03800000061171092 0.083
0 0.2199999972812848 0.548 0.03300000299058672 0.091
0 0.026499999923536136 0.5455 0.03399999954121681 0.084
0 0.6514999967375418 0.5685 0.033999980425250556 0.078
0 0.8094999997281285 0.5795 0.04200000380620128 0.058
0 0.7120000078842741 0.575 0.03700001468106208 0.065
