1 0.7185 0.6360000154865322 0.046 0.18099998360249533
0 0.3995 0.5580000236852846 0.126 0.24900002550722947
0 0.4335 0.5040000118426422 0.062 0.1790000346169543
0 0.322 0.44150002322979826 0.047 0.15400001184264225
0 0.5255 0.44400000501034864 0.042 0.1549999863354128
0 0.349 0.4350000068322936 0.037 0.14099997904763292
0 0.482 0.4525000045548624 0.035 0.12399997995860541
0 0.3785 0.41250001138715603 0.038 0.09599998815735775
0 0.4605 0.45650001639750465 0.03 0.11400000728777986
0 0.3785 0.39400000501034865 0.034 0.058999975403743
0 0.408 0.4275000045548624 0.033 0.055999983602495335
