0 0.369 0.6655000108140366 0.445 0.5759999959676473
0 0.5725 0.6004999865282763 0.34 0.6019999873530757
0 0.317 0.5425000004582219 0.097 0.3319999763557503
0 0.64 0.6350000054986628 0.089 0.25100002346096095
0 0.8395 0.6304999915687172 0.08 0.2740000131967905
0 0.076 0.6115000040323527 0.069 0.2240000315256663
0 0.88 0.4975000100808817 0.079 0.12400002236122841
0 0.751 0.4810000124636355 0.079 0.10499998900267454
0 0.848 0.5460000023827538 0.063 0.10500003482486393
0 0.864 0.40149999166036154 0.057 0.10599998955254082
0 0.2445 0.551499993951471 0.054 0.10400001136390297
0 0.4835 0.06149999931588903 0.036 0.12199999861889058
