0 0.241 0.6340000049487965 0.351 0.7250000091644379
0 0.6115 0.394499999266845 0.138 0.24599999780053491
0 0.3945 0.4109999968840911 0.12 0.2549999798382367
0 0.929 0.37350001063074795 0.139 0.2200000293262012
0 0.527 0.3934999987169787 0.105 0.25600000329919764
0 0.0495 0.31950001530461125 0.098 0.136000006048529
0 0.0405 0.4184999895525408 0.08 0.14599998863609703
0 0.131 0.3230000057735959 0.087 0.10900001411323433
0 0.35 0.2465000095310154 0.067 0.09800000806470532
0 0.777 0.2780000039407083 0.063 0.08500000091644379
0 0.285 0.2555000030242645 0.047 0.09399998295414555
0 0.305 0.2380000048571521 0.045 0.09300000531537397
0 0.6635 0.2259999982587568 0.046 0.07899999761724616
0 0.723 0.22499999770889054 0.045 0.07499999541778106
