0 0.121 0.8120000111806142 0.113 0.32300001722914323
0 0.344 0.8420000047655077 0.081 0.293000000733155
0 0.8755 0.8160000133800793 0.106 0.18899998936925205
0 0.357 0.6745000157628331 0.085 0.19200001392994556
0 0.027 0.5150000082479941 0.053 0.2669999864366319
0 0.1095 0.4715000072399059 0.064 0.2140000031159089
0 0.0185 0.813500023460961 0.036 0.3700000659839527
0 0.669 0.8884999959676473 0.077 0.16599995381123311
0 0.903 0.359000002657687 0.059 0.21099997855521538
0 0.886 0.6549999935848935 0.069 0.15100001429652307
0 0.8515 0.3190000035741308 0.048 0.16700000018328875
0 0.5425 0.23899999967924468 0.052 0.14099999734231303
0 0.925 0.1930000030242645 0.047 0.15299999248516094
0 0.464 0.29900000403235266 0.045 0.13700000659839526
0 0.249 0.24949999972506687 0.051 0.10999999175200591
0 0.1835 0.22950000591106243 0.05 0.10199999880862308
0 0.837 0.3809999918436503 0.059 0.0769999965175136
0 0.0895 0.8930000557197822 0.178 0.21100000146631007
0 0.5655 0.8865000406901041 0.166 0.2240000315256663
0 0.2535 0.9040000388572166 0.138 0.18900003519144143
0 0.4095 0.9245000157628331 0.142 0.14800008138020834
0 0.699 0.7284999996334225 0.075 0.26799996407540355
0 0.8105 0.5350000192453196 0.072 0.27099998863609703
0 0.8435 0.5335000069649728 0.074 0.24800004472245682
0 0.4785 0.834500012097058 0.074 0.24000004032352665
0 0.7725 0.9185000124636356 0.124 0.1600000879786036
0 0.9335 0.7064999875363644 0.084 0.21799998240427929
0 0.9215 0.941000036291174 0.154 0.11500004032352665
0 0.1995 0.5970000075148391 0.074 0.18899998936925205
0 0.745 0.7920000230943834 0.093 0.14700005791924736
0 0.973 0.8780000245606935 0.051 0.2410000637844876
0 0.8155 0.7960000023827538 0.062 0.15100001429652307
0 0.252 0.6159999950512035 0.057 0.15500001649598819
0 0.243 0.4885000051320852 0.065 0.12200002126149587
0 0.789 0.7060000216280734 0.067 0.11699999560106981
0 0.6975 0.2675000096226598 0.05 0.12199999835040118
0 0.195 0.48699999285173845 0.051 0.11499999450133727
0 0.2105 0.6370000065983953 0.052 0.10099998680320946
0 0.09 0.5840000003665775 0.049 0.09699998460374437
0 0.9375 0.8494999974339574 0.046 0.08199999926684497
