0 0.325 0.5239999705347521 0.129 0.5069999506908097
0 0.532 0.6904999681294258 0.167 0.3199999579067888
0 0.8545 0.566999989777363 0.09 0.5509999843653787
0 0.7585 0.5854999748944062 0.086 0.45999998647003926
0 0.1585 0.5274999928591874 0.084 0.4639999878230353
0 0.7095 0.515499970008587 0.078 0.4939999697830877
0 0.969 0.5094999679790929 0.059 0.51599996782876
0 0.044 0.1760000019825151 0.083 0.3050000068589384
0 0.5145 0.24799999932350197 0.074 0.31700000856897514
0 0.4065 0.18399999294374964 0.072 0.29699999005923716
0 0.7605 0.20349999131827518 0.074 0.2679999872968702
0 0.044 0.14249999769802751 0.081 0.2379999982899633
0 0.665 0.21250000375832243 0.071 0.24800000871930802
0 0.9645 0.21499999755709043 0.068 0.2569999976698401
0 0.1325 0.2199999851546264 0.076 0.21299998278688329
0 0.8755 0.2009999998684587 0.054 0.2650000050737353
0 0.306 0.15499999370480994 0.063 0.21699998883778238
