1 0.5065 0.679000006781684 0.178 0.5329999952344923
1 0.207 0.7160000042156415 0.119 0.40500001649598816
1 0.752 0.6710000023827538 0.173 0.23700001576283314
1 0.4 0.5255000025660426 0.121 0.15999999633422485
1 0.3825 0.5255000025660426 0.086 0.15999999633422485
1 0.7245 0.5215000003665775 0.074 0.09800000806470532
0 0.9005 0.5410000282722909 0.196 0.9150000563612929
0 0.2655 0.5035000248356266 0.204 0.6300000485715207
0 0.642 0.4830000192911417 0.129 0.6390000420647699
0 0.4675 0.40249999793800145 0.146 0.4479999828625012
0 0.801 0.34449999468462605 0.119 0.4739999857034769
0 0.1015 0.34550000096226596 0.15 0.3519999988086231
0 0.058 0.4315000081563497 0.115 0.41200002034505206
0 0.709 0.3445000004123997 0.077 0.3660000065067509
