1 0.356 0.4905000062318178 0.293 0.23399999120213963
0 0.408 0.8210000390405053 0.113 0.3550000348248639
0 0.7025 0.835500035558019 0.106 0.3260000417898367
0 0.0435 0.8275000311590888 0.086 0.34200005058769706
0 0.7825 0.8610000381240616 0.102 0.2750000366577515
0 0.8895 0.8720000441725906 0.104 0.2530000245606935
0 0.846 0.8289999976172462 0.079 0.29299995491096564
0 0.9605 0.8520000331752651 0.076 0.2930000465553444
0 0.6215 0.87150003244211 0.086 0.2540000480216545
0 0.1055 0.8705000318922438 0.076 0.256000049121387
0 0.108 0.7310000124636356 0.093 0.17899998387058935
