0 0.1645 0.7179999753653284 0.178 0.40299996985010356
0 0.402 0.5794999915433218 0.067 0.17000000735363327
0 0.488 0.5854999817997576 0.049 0.15800002684076148
0 0.6485 0.5889999665409685 0.042 0.1690000051475433
0 0.1165 0.5549999834543251 0.036 0.1549999742622835
0 0.6885 0.5524999779391001 0.056 0.10000003676816642
0 0.266 0.559499970401626 0.037 0.13199996948242188
0 0.2135 0.5509999746299652 0.036 0.12900000882435994
0 0.117 0.5334999819835985 0.035 0.1119999713208302
0 0.156 0.5294999961393425 0.035 0.10399999963231833
0 0.8605 0.5769999630479927 0.03 0.09899998860186841
