0 0.5725 0.8324999601944633 0.112 0.2640000294319726
0 0.367 0.6779999864902421 0.091 0.29299999131515564
0 0.1335 0.599499970085536 0.076 0.25
0 0.469 0.38399998661086493 0.093 0.18699998817896182
0 0.529 0.1709999934486721 0.047 0.28699998704812274
0 0.661 0.10199999311578133 0.059 0.20299998626643018
0 0.1105 0.25249999125484424 0.072 0.11200000928795856
0 0.77 0.06449999613135228 0.059 0.1279999922975721
0 0.2035 0.06500000041346304 0.054 0.12900000086179364
0 0.5965 0.14299999206904837 0.046 0.13499998763615906
0 0.873 0.05649999923739037 0.045 0.11199999850964829
