1 0.743 0.7029999555167505 0.217 0.3049999689651748
0 0.8405 0.5289999687065512 0.224 0.6489999674134336
0 0.0845 0.29249998189635196 0.062 0.23199998241359904
0 0.156 0.3069999888791876 0.071 0.19099999120679953
0 0.1435 0.23649999327578788 0.064 0.17800000724145923
0 0.2035 0.23899999068955244 0.06 0.15899999586202332
0 0.983 0.31799999172404664 0.031 0.275
0 0.687 0.2304999981896352 0.055 0.11400000362072961
0 0.618 0.18949998758606992 0.057 0.09199999793101166
0 0.283 0.22799998784469347 0.039 0.06699998499983448
0 0.577 0.19099999120679953 0.031 0.05499999482752913
0 0.506 0.19099999120679953 0.035 0.04100000413797669
