0 0.7909999996334225 0.707 0.2989999582101633 0.541
0 0.6275000128302131 0.5985 0.2860000197951858 0.348
0 0.49400001961189705 0.38 0.18899998936925205 0.333
0 0.5420000001832888 0.502 0.15500001649598819 0.361
0 0.7935000124636356 0.5345 0.1479999897358296 0.362
0 0.5950000064151065 0.374 0.19500003849063907 0.191
0 0.30750000870621597 0.1495 0.12600000054986626 0.272
0 0.530500005315374 0.1815 0.1619999974339574 0.158
0 0.5895000148463894 0.267 0.11200001576283315 0.183
0 0.5840000003665775 0.1375 0.08899998020481419 0.166
