1 0.4295 0.6614999857034769 0.542 0.3779999787385041
1 0.284 0.7550000027493313 0.187 0.19099994464679523
1 0.5045 0.7370000157628331 0.122 0.18299998607005444
1 0.2385 0.6245000111806142 0.16 0.13799998423716686
1 0.6435 0.6434999987169787 0.11 0.18600001063074795
1 0.575 0.593000005315374 0.105 0.16700002309438344
1 0.7895 0.5245000020161763 0.098 0.14000003115908877
1 0.446 0.6004999979838237 0.067 0.15799999523449232
1 0.4 0.6140000168625657 0.067 0.12900000219946509
1 0.342 0.5990000086145716 0.059 0.11700004142325919
1 0.819 0.5360000197951859 0.037 0.11299999340160473
1 0.765 0.5300000164959882 0.045 0.07900002052834085
0 0.5475 0.44150001365501246 0.098 0.24000001741243196
0 0.3455 0.4395000125552799 0.074 0.24400001961189705
0 0.6765 0.43549999890026747 0.076 0.22599998680320946
0 0.058 0.4265000054070183 0.067 0.22600000971430415
0 0.763 0.4144999988086231 0.075 0.18599998771965326
0 0.4295 0.4325000201617633 0.076 0.18800001173048048
0 0.0245 0.40900001869545327 0.048 0.22300000806470532
0 0.487 0.40950000751483906 0.061 0.15799999523449232
0 0.972 0.3515000099892373 0.053 0.17800002914291244
0 0.5965 0.394499999266845 0.054 0.15199999193529468
0 0.849 0.3905000085229272 0.041 0.14600001154719172
