1 0.8389999823360789 0.7985 0.18099999242974807 0.342
1 0.6204999780778121 0.833 0.19399996814185644 0.241
1 0.4024999948743086 0.831 0.19599999321831596 0.201
1 0.8259999671955749 0.8495 0.15299999621487403 0.24
1 0.5179999891177628 0.7395 0.14900002491874595 0.222
1 0.8594999880137678 0.7415 0.14199994700823643 0.228
1 0.10250000128142285 0.7765 0.14200000122228026 0.168
1 0.5174999976342962 0.701 0.14599999716115553 0.145
1 0.3424999917200369 0.786 0.08999998501720971 0.125
0 0.9074999984228642 0.2905 0.1819999753966812 0.58
0 0.5579999977920098 0.1185 0.1610000176639212 0.236
0 0.7284999719269823 0.3135 0.1639999665647206 0.208
0 0.38049999503202214 0.344 0.1420000061508297 0.179
0 0.49099997586982197 0.296 0.09499999842286418 0.103
