0 0.9449999689342019 0.8785 0.10700001973591879 0.24
0 0.2554999939695804 0.7705 0.1039999773402414 0.194
0 0.14949999597972025 0.7805 0.08399999926904005 0.2
0 0.05650000113570048 0.834 0.11200000229709876 0.113
0 0.7139999709443418 0.7395 0.10899997185804174 0.098
0 0.14999999543150028 0.7455 0.08100000255835985 0.128
0 0.03199999944535558 0.7235 0.06299999891640898 0.122
0 0.5749999862945009 0.72 0.08100000255835985 0.093
0 0.1860000016446599 0.847 0.07700000694411957 0.099
0 0.7904999555941827 0.722 0.05399998647724083 0.085
0 0.07249999760153765 0.7135 0.04400000315226481 0.086
0 0.5169999813605212 0.7385 0.04899999195944049 0.07
0 0.47249998446710095 0.7195 0.0639999755128415 0.05
0 0.8574999963452002 0.7235 0.043999951756642966 0.066
0 0.8869999411577236 0.7205 0.041000000730959954 0.07
0 0.9359999788021613 0.72 0.035000007309599554 0.071
