0 0.2745 0.6975000050146255 0.098 0.47800001404095144
0 0.1715 0.6914999876783487 0.092 0.4700000028655003
0 0.418 0.7000000107456261 0.067 0.38700003467255356
0 0.5245 0.6339999991403499 0.068 0.3090000063041006
0 0.356 0.6594999967046746 0.061 0.33000000429825044
0 0.0355 0.6439999862455986 0.064 0.27900000916960094
0 0.7065 0.6519999795116729 0.058 0.23099997793564775
0 0.7675 0.6505000154737016 0.04 0.25
0 0.7325 0.6424999863888736 0.04 0.2359999893976489
0 0.7025 0.6514999855292235 0.05 0.22999998997074897
