1 0.31700000247439825 0.791 0.24499999725066865 0.273
0 0.7885000326253988 0.603 0.4200000476550769 0.791
0 0.45950000064151064 0.477 0.30400000678168404 0.575
0 0.11049999762046803 0.511 0.21999999522804856 0.589
0 0.943500049121387 0.6475 0.1100000146631006 0.702
0 0.7000000183288757 0.3425 0.2270000102641704 0.284
0 0.32350001750407636 0.3765 0.136000006048529 0.266
0 0.23549999775471273 0.302 0.129999991293784 0.207
0 0.12299999890026746 0.2605 0.12299999890026746 0.088
0 0.3010000051320852 0.251 0.09099998130454673 0.095
0 0.5594999983504012 0.2755 0.07599999596764734 0.088
0 0.418000000733155 0.265 0.06499996700802364 0.075
0 0.6440000104474591 0.285 0.045000001832887576 0.065
0 0.6095000029326201 0.263 0.04999998167112425 0.047
