0 0.8515 0.527000003390842 0.288 0.6329999814878355
0 0.485 0.5535000065067509 0.247 0.6440000104474591
0 0.651 0.4289999953261367 0.187 0.488999993951471
0 0.541 0.42150000838546064 0.157 0.4980000103558148
0 0.3275 0.4235000094851932 0.152 0.49000000595688464
0 0.1205 0.21550000107682146 0.138 0.36199999857951215
0 0.231 0.28600000833963846 0.115 0.3710000207116296
0 0.8725 0.19899999916374506 0.138 0.3029999976401572
0 0.4845 0.20199999938140045 0.11 0.2909999939056488
0 0.0345 0.2584999960822028 0.068 0.41199999170618373
0 0.5945 0.23799999912937841 0.088 0.2189999944096929
