0 0.3635 0.629499991280692 0.486 0.45600001743861607
0 0.7405 0.5125 0.26 0.69
0 0.791 0.18699999400547573 0.239 0.20699998583112444
0 0.497 0.12699999349457877 0.183 0.24699998685291835
0 0.899 0.145 0.187 0.205
0 0.93 0.330999995640346 0.137 0.19300000871930803
0 0.0965 0.2175 0.136 0.15800000871930803
0 0.326 0.24349999019077845 0.131 0.15399999346051899
0 0.65 0.273499995640346 0.127 0.15199999128069197
0 0.6985 0.06500000108565603 0.128 0.12900000218834196
0 0.6295 0.20699999673025948 0.092 0.17499998910086495
0 0.686 0.11549999509538923 0.085 0.16799999237060548
0 0.8915 0.04499999836087227 0.138 0.08899999673877444
0 0.0205 0.2180000032697405 0.04 0.12700000217982702
0 0.6045 0.05899999999574253 0.098 0.11700000000851495
