0 0.2415000125094577 0.724 0.31200002263616156 0.541
0 0.8019999827708568 0.621 0.17499998167112424 0.265
0 0.37800001310514614 0.5265 0.10500001191376923 0.146
0 0.48000001191376923 0.5345 0.09099998130454673 0.154
0 0.584500012097058 0.48 0.0699999926684497 0.159
0 0.9090000186954532 0.4875 0.07099992448503191 0.146
0 0.043000001807112595 0.4835 0.07300000362568074 0.138
0 0.6435000216280734 0.477 0.06199998826951952 0.135
0 0.1294999996105114 0.5045 0.07400000059568847 0.096
0 0.9745000432561468 0.4775 0.04800002639358108 0.14
0 0.42700000568195146 0.518 0.053000006231817755 0.095
