0 0.652 0.6905000360162409 0.175 0.6160000408733929
0 0.7845 0.27100000568517335 0.194 0.5410000113574592
0 0.3295 0.679000006781684 0.198 0.5169999864366319
0 0.1885 0.28600001393316743 0.144 0.5710000278534474
0 0.351 0.3425000050404408 0.193 0.4060000170458544
0 0.287 0.22300000220268695 0.159 0.44500000439248644
0 0.475 0.3635000108598589 0.191 0.3760000120054136
0 0.6735 0.19749999963664436 0.152 0.39399999926040125
0 0.6075 0.2794999989034893 0.106 0.5579999977940912
0 0.2865 0.15599999972828874 0.158 0.31099999944369
0 0.5135 0.14750000650997278 0.13 0.294000013007058
0 0.405 0.09199999890348932 0.119 0.18299999779409115
