0 0.3925 0.554 0.24 0.889
0 0.6225 0.5305 0.23 0.936
0 0.4785 0.765 0.142 0.467
0 0.833 0.536 0.229 0.925
0 0.3385 0.447 0.204 0.847
0 0.1945 0.6135 0.198 0.77
0 0.584 0.7145 0.237 0.568
0 0.168 0.4675 0.163 0.792
0 0.0535 0.5695 0.106 0.858
0 0.939 0.492 0.119 0.777
0 0.504 0.2155 0.159 0.404
0 0.9655 0.572 0.066 0.853
0 0.505 0.139 0.157 0.251
0 0.8245 0.0715 0.106 0.142
0 0.929 0.1565 0.093 0.106
0 0.2995 0.04 0.084 0.079
0 0.645 0.043 0.075 0.081
0 0.2435 0.128 0.052 0.115
0 0.0525 0.1085 0.074 0.072
