0 0.4385000120054136 0.8465 0.4180000236442497 0.304
0 0.7735000243774047 0.8745 0.27000005681951483 0.248
0 0.7854999851536106 0.638 0.19999997250668639 0.241
0 0.8609999923018722 0.776 0.21299995674385322 0.215
0 0.1349999969070022 0.779 0.17099999665498017 0.213
0 0.5040000021994651 0.7515 0.18900003519144143 0.184
0 0.6010000097143041 0.7595 0.15500001649598819 0.174
0 0.24750001008088165 0.754 0.1800000073315503 0.123
0 0.041499999774110924 0.769 0.08199999953533436 0.217
0 0.5405000108140366 0.6075 0.10400001136390297 0.16
0 0.04099999949917779 0.7265 0.08099999898546809 0.132
0 0.2250000034366642 0.5505 0.09699999605929172 0.104
0 0.942500025660426 0.5665 0.09199995894331832 0.102
0 0.2044999978921793 0.677 0.11399999395147101 0.063
0 0.8589999912021397 0.5645 0.06899996920748874 0.1
