0 0.161 0.5705000224866366 0.321 0.7620000442969832
0 0.713 0.4535000027051593 0.195 0.4839999972948407
0 0.7085 0.3950000033814491 0.186 0.36699999864742033
0 0.9485 0.4054999998731957 0.1 0.4919999880803919
0 0.4915 0.477999996280406 0.158 0.2909999857979138
0 0.0355 0.5304999945896814 0.07 0.16599998579791378
0 0.684 0.654499994420609 0.629 0.6879999895175077
0 0.362 0.41449999611133354 0.105 0.38599998072574015
0 0.2605 0.4115000061711446 0.076 0.28400002688252035
0 0.777 0.34550000557939103 0.103 0.1879999895175078
0 0.5315 0.4319999885030731 0.06 0.09699999526597126
