0 0.877 0.6625000091644379 0.203 0.29999998167112424
0 0.544 0.6645000331752651 0.179 0.2460000436227243
0 0.056 0.3304999984420456 0.111 0.23400001411323432
0 0.7305 0.5470000029326201 0.13 0.18100003079251126
0 0.5575 0.30200000568195146 0.094 0.20499999816711242
0 0.0565 0.28499999633422485 0.112 0.1430000098975929
0 0.0465 0.3640000054070183 0.092 0.16700000018328875
0 0.9265 0.5275000036657751 0.102 0.13800003005935624
0 0.042 0.2555000030242645 0.083 0.14400001044745916
0 0.8885 0.477999987902942 0.08 0.13700000659839526
0 0.698 0.48350000238275387 0.099 0.08400000036657751
