1 0.4959999887566817 0.832 0.27700002569901316 0.333
1 0.16549999588414244 0.851 0.22999998895745527 0.295
1 0.39149999116596423 0.7555 0.16999997590717517 0.29
1 0.5994999935752467 0.736 0.12399998715049342 0.303
1 0.09599999557984502 0.92 0.1909999911722384 0.157
1 0.8999999598452919 0.449 0.09299999036287007 0.117
1 0.5414999911659643 0.435 0.08199996948242187 0.123
1 0.7314999831350226 0.972 0.167999950208162 0.053
1 0.5055000104402241 0.4245 0.07200000160618832 0.1
1 0.441000004818565 0.4015 0.05100001284950658 0.092
1 0.4494999935752467 0.332 0.06599996466385691 0.059
1 0.441000004818565 0.4155 0.04899998715049342 0.064
1 0.4925000040154708 0.4355 0.045999988756681744 0.078
1 0.40399999116596425 0.377 0.04300003051757813 0.061
1 0.49150001124331827 0.3755 0.04400000321237665 0.056
1 0.4739999871504934 0.363 0.03300002248663651 0.049
0 0.45350000481856495 0.3005 0.07399998715049343 0.08
0 0.45299999839381166 0.2875 0.07299997430098684 0.054
