1 0.396 0.6255000117304805 0.133 0.19799997140695383
1 0.545 0.6905000016495988 0.099 0.24399999670080236
1 0.2335 0.5720000166792769 0.142 0.16499997617246154
1 0.747 0.7019999965175137 0.089 0.2729999439136402
1 0.3275 0.6100000146631006 0.04 0.16299997507272898
0 0.483 0.5994999745228627 0.197 0.38399998203770175
0 0.7155 0.6199999972506687 0.146 0.3609999923018722
0 0.4255 0.4780000108140367 0.114 0.34700003042593375
0 0.043 0.41399999853368996 0.085 0.3010000051320852
0 0.115 0.41100000833963846 0.079 0.261000006048529
0 0.263 0.4685000170458544 0.139 0.12999997983823666
0 0.1725 0.4030000039407083 0.07 0.2570000038490639
0 0.8955 0.35149999853368996 0.082 0.18800001173048048
0 0.579 0.3165000021994651 0.085 0.16800000073315502
