0 0.5470000029326201 0.521 0.8910000087978603 0.947
0 0.6464999889110302 0.6885 0.6899999899191184 0.618
0 0.7634999959676473 0.3835 0.17600000513208522 0.218
0 0.3065000081563497 0.4015 0.14400001044745916 0.23
0 0.11050000061859956 0.4215 0.15599999986253343 0.228
0 0.09050000380646359 0.144 0.1800000076000397 0.181
0 0.9145000102641704 0.4215 0.15200008357967343 0.16
0 0.4085000069649728 0.1275 0.15199999193529468 0.136
0 0.3695000198868302 0.57 0.1540000159461219 0.127
0 0.3120000111806142 0.725 0.14100000879786037 0.115
0 0.6410000087978603 0.363 0.11100003812406156 0.161
0 0.06199999959082217 0.635 0.12299999916875684 0.107
0 0.34250001649598816 0.637 0.1140000168625657 0.089
0 0.6450000109973254 0.433 0.10099998680320946 0.103
0 0.762499995417781 0.4775 0.11399997104037632 0.092
0 0.5365000086145716 0.1395 0.09799996224251595 0.098
