0 0.4605 0.46200000766865507 0.274 0.9230000153630079
0 0.7005 0.45399998190874113 0.244 0.5249999725890017
0 0.842 0.44049999100005555 0.195 0.5239999851066909
0 0.568 0.28000000163823546 0.171 0.5590000033021687
0 0.319 0.16549999012561614 0.171 0.3299999802769301
0 0.66 0.19500000346563534 0.139 0.38900000695696846
0 0.9615 0.4164999887614907 0.074 0.49599998154326114
0 0.31 0.6414999819087411 0.381 0.7139999937868404
0 0.6835 0.6684999865686109 0.318 0.6519999932386205
0 0.194 0.25499998336423657 0.159 0.5089999667541709
