0 0.346 0.6519999919352947 0.157 0.6089999912021397
0 0.763 0.6810000307925113 0.169 0.5490000498545421
0 0.119 0.6424999981671125 0.145 0.5900000036657751
0 0.0665 0.7185000399569491 0.132 0.5600000329919763
0 0.9075 0.4559999987169787 0.088 0.33299997690561656
0 0.293 0.4795000116388361 0.085 0.23400001411323432
0 0.784 0.418000000733155 0.061 0.16299997507272898
0 0.0355 0.40849999550942545 0.07 0.11199999285173846
0 0.812 0.3435000055903071 0.049 0.0660000133800793
0 0.496 0.688500023460961 0.185 0.5779999970673799
0 0.642 0.6525000265768698 0.133 0.5500000274933137
0 0.216 0.5430000121887024 0.083 0.34500000641510653
0 0.9755 0.731500024194116 0.046 0.5340000645176426
0 0.4165 0.5490000040323527 0.068 0.3290000205283408
0 0.848 0.45649999899191185 0.057 0.2200000064151065
0 0.7275 0.42350000375741953 0.07 0.14600001154719172
0 0.534 0.42849999505120356 0.061 0.15799999523449232
0 0.604 0.4155000108140367 0.053 0.14000003115908877
0 0.692 0.4149999990835562 0.041 0.15299996957406625
0 0.9555 0.3765000008247994 0.046 0.11799999615093609
