0 0.695 0.8190000406901041 0.143 0.35900004069010416
0 0.6935 0.5545000203450521 0.08 0.21200002034505208
0 0.462 0.48750001271565757 0.043 0.1399999745686849
1 0.595 0.8385000356038411 0.153 0.22000005086263022
0 0.2245 0.7190000152587891 0.118 0.49100001017252604
0 0.7705 0.8545000457763672 0.162 0.2880000305175781
0 0.412 0.8470000457763672 0.151 0.3030000305175781
0 0.065 0.8330000559488933 0.129 0.33100001017252606
0 0.045 0.6465000406901041 0.089 0.3020000203450521
0 0.0445 0.5930000305175781 0.088 0.195
0 0.819 0.5845000203450521 0.067 0.2
0 0.275 0.567000020345052 0.055 0.20700002034505208
0 0.066 0.7390000152587891 0.131 0.48699996948242186
