1 0.6840000039727024 0.86 0.19100004117164385 0.185
0 0.7705000025280834 0.6955 0.23800000072230953 0.504
0 0.3119999925060385 0.702 0.20899997237166004 0.479
0 0.1264999984989505 0.663 0.199999998307087 0.381
0 0.9264999931380593 0.632 0.11599993282521265 0.263
0 0.6160000005417322 0.624 0.1209999851926544 0.255
0 0.4524999990971131 0.6205 0.10399997869186853 0.182
0 0.5680000034309703 0.61 0.0749999729133922 0.205
0 0.04049999945791515 0.5945 0.07999999891724106 0.144
0 0.041000001308833356 0.566 0.08100000261907747 0.087
0 0.5089999994582678 0.61 0.04700000469501202 0.143
