1 0.5214999776490977 0.5015 0.32000001719300175 0.202
0 0.9164999948420994 0.1985 0.10199997592979754 0.212
0 0.5769999759297976 0.223 0.09699999312279929 0.205
0 0.3144999866754236 0.232 0.09800000257895027 0.197
0 0.11349999602411834 0.2375 0.10400000021491253 0.182
0 0.4594999931227993 0.231 0.09800002407020246 0.181
0 0.38299998968419896 0.187 0.11099999656139965 0.117
0 0.668499970771897 0.1585 0.12399996905259683 0.098
0 0.4594999716315471 0.1935 0.09600000515790053 0.106
0 0.6619999845262984 0.26 0.07300002407020247 0.135
0 0.061499998917881875 0.3145 0.12199999786598581 0.08
0 0.785499981087698 0.1695 0.0940000722106074 0.098
0 0.04349999780386266 0.2365 0.07799999579577378 0.12
0 0.1494999952719245 0.3125 0.09199998882454885 0.078
