0 0.4895 0.5429999756955814 0.268 0.6029999784366813
0 0.2555 0.514499984101621 0.148 0.29999999086300055
0 0.6535 0.4864999805381912 0.086 0.2959999724062617
0 0.9445 0.4699999986294501 0.09 0.26100001078165935
0 0.255 0.4359999788021613 0.147 0.1429999802640812
0 0.1165 0.5589999809950411 0.082 0.24499995979720246
0 0.81 0.5234999742336616 0.099 0.19400001571563905
0 0.726 0.5304999894010807 0.099 0.19599996783776197
0 0.355 0.5514999892183406 0.089 0.21799998940108065
0 0.2975 0.5689999928731404 0.082 0.19299997112708178
0 0.0375 0.6064999974416402 0.074 0.16600000073095997
0 0.4195 0.5224999981726001 0.048 0.2619999868427208
0 0.177 0.5834999769747614 0.069 0.1799999853808009
0 0.8805 0.5439999974416402 0.072 0.14099998245696108
0 0.633 0.1860000016446599 0.069 0.1190000065786396
0 0.256 0.19799999419800535 0.511 0.20499999223355048
