0 0.774 0.7185000399569491 0.245 0.5600000329919763
0 0.5245 0.7250000320755325 0.18 0.5470000487548095
0 0.2985 0.5640000122803468 0.148 0.4830000135633681
0 0.445 0.7245000203450521 0.143 0.46800002822646863
0 0.949 0.6290000021994651 0.089 0.2670000322588213
0 0.9815 0.6935000262102923 0.034 0.4119999974339574
0 0.121 0.5990000086145716 0.053 0.1870000340917089
0 0.7145 0.5965000186954532 0.034 0.10200001026417042
0 0.629 0.5965000186954532 0.031 0.10200001026417042
0 0.6855 0.6000000091644379 0.03 0.09699998460374437
0 0.8725 0.6004999979838237 0.03 0.09600000696497278
