0 0.1235 0.5349999603472257 0.246 0.9269999202929045
0 0.474 0.5759999563819483 0.235 0.8449999282234594
0 0.25 0.5534999558800145 0.167 0.8899999292273271
0 0.049 0.5019999617024472 0.097 0.7169999448876632
0 0.705 0.6254999763087222 0.091 0.4139999590421978
0 0.966 0.7289999409725791 0.065 0.5389999590421978
0 0.3195 0.5994999785172311 0.086 0.3780000084324887
0 0.5755 0.6739999871504935 0.11 0.26900000321237666
0 0.634 0.6674999939767938 0.085 0.2819999895597759
0 0.387 0.3444999895597759 0.083 0.2439999831350226
0 0.6775 0.2729999893590024 0.08 0.21299999638607628
