0 0.5030000145755597 0.701 0.22700004008278918 0.489
0 0.646500020952367 0.742 0.23399999817805503 0.409
0 0.31850000068322937 0.7565 0.25599999498965137 0.326
0 0.5090000209523671 0.253 0.23300002368528452 0.209
0 0.7419999990890275 0.7205 0.10699995809526586 0.376
0 0.609000020952367 0.7445 0.06699997631471548 0.178
0 0.9440000163975046 0.7365 0.08300006923390858 0.146
0 0.042500001258814514 0.756 0.08400000249271962 0.125
0 0.1175000005693578 0.743 0.07200000250517433 0.141
0 0.5689999936231926 0.727 0.058999998178055034 0.123
0 0.20050000432711929 0.739 0.05599999498965135 0.101
0 0.9775000273291744 0.7425 0.04199993076609142 0.128
0 0.15650000501034864 0.745 0.05 0.081
0 0.36650001184264225 0.7405 0.044000016397504664 0.082
0 0.4255000100206973 0.744 0.03399999817805504 0.071
0 0.39100000182194494 0.744 0.032999978136660446 0.073
0 0.07900000330227525 0.7035 0.03700000706003673 0.06
