0 0.6345000166792769 0.321 0.49799999890026747 0.547
0 0.7140000260270035 0.7595 0.5690000608518675 0.352
0 0.9180000465553444 0.2 0.1610000197951858 0.237
0 0.277000003390842 0.22 0.18300000898114913 0.195
0 0.8100000100808816 0.0925 0.14700001209705799 0.184
0 0.2865000086145716 0.067 0.18800001173048048 0.133
0 0.18949999537195888 0.083 0.13599999459298165 0.165
0 0.056000002019398205 0.09 0.11100000402590891 0.179
0 0.0364999998886664 0.17 0.07199999976444531 0.255
0 0.44850001750407636 0.061 0.16400002144478462 0.115
0 0.9255000392237941 0.0895 0.1460000344582864 0.128
0 0.2684999987169787 0.1145 0.1539999930350272 0.114
0 0.05400000091966566 0.0545 0.10700000182644383 0.108
0 0.6765000168625657 0.0335 0.1359999831374343 0.066
0 0.5785000087978603 0.0325 0.12799997873850413 0.064
0 0.35800000210782074 0.028 0.06899999211858343 0.055
