1 0.551 0.5905000153962556 0.297 0.30600003079251126
1 0.679 0.5295000047655077 0.149 0.09800000806470532
0 0.505 0.4745000088895047 0.217 0.5180000328086876
0 0.3685 0.4664999930350272 0.194 0.5659999904689846
0 0.062 0.4184999952803145 0.123 0.579999986711565
0 0.256 0.3990000131967905 0.119 0.5910000271267362
0 0.505 0.37550000027493313 0.215 0.3200000155795444
0 0.1395 0.37550000600270683 0.092 0.5160000202534077
0 0.9095 0.21450000625472884 0.116 0.33200001645016597
0 0.7845 0.236499998304579 0.12 0.30799999752560175
0 0.645 0.23900001113479202 0.103 0.30500001878709765
0 0.41 0.1660000024973093 0.099 0.1410000030700867
0 0.5725 0.21900000013746657 0.078 0.17299999202693905
0 0.189 0.2474999986253343 0.067 0.19399999211858343
0 0.026 0.1650000048113299 0.051 0.08900001457145622
0 0.5325 0.10799999924393387 0.056 0.07500000114555473
