0 0.4605000052653568 0.511 0.318000014399139 0.275
0 0.047000001512572796 0.466 0.09300000299240502 0.109
0 0.024500000303689862 0.4515 0.04800000057463914 0.08
0 0.5075000171930018 0.3845 0.0780000283684529 0.048
0 0.1705000098322479 0.402 0.06599999817324356 0.053
0 0.3240000093486947 0.3995 0.0670000264342402 0.052
0 0.5560000245000275 0.3825 0.05900004212285431 0.048
0 0.16950000843531648 0.394 0.06399999537938078 0.037
0 0.21900000370724101 0.389 0.04899998785744251 0.045
0 0.1055000063399194 0.406 0.06000000322368783 0.033
