0 0.1495 0.4454999764760335 0.228 0.6739999453226725
0 0.353 0.5584999720255533 0.243 0.40799994695754277
0 0.1495 0.3210000026793707 0.23 0.41900000118073966
0 0.872 0.5739999725705102 0.205 0.3229999996366955
0 0.6275 0.5419999871935163 0.146 0.3590000016348703
0 0.892 0.39199998265221003 0.139 0.2269999867393857
0 0.7665 0.27149999141693115 0.098 0.2339999902816046
0 0.4715 0.4474999791099912 0.08 0.20199998219807944
0 0.6565 0.38399999482291086 0.086 0.1949999900091262
0 0.7525 0.4084999901907785 0.08 0.16400001162574404
0 0.977 0.4249999863760812 0.043 0.2849999836512974
0 0.788 0.7554999987284342 0.421 0.48600001562209355
0 0.1885 0.708999997093564 0.254 0.5790000188918341
0 0.106 0.7845000085376558 0.211 0.42799999600365046
0 0.7855 0.5569999899183001 0.156 0.35499997366042363
0 0.5205 0.5530000073569161 0.154 0.3470000085376558
