1 0.8065 0.712000020345052 0.376 0.3670000098217493
1 0.614 0.7029999831627155 0.265 0.37899997755028736
1 0.9495 0.3375 0.098 0.1100000140310704
0 0.197 0.18650000701690542 0.205 0.37200001402832994
0 0.095 0.18950000771845893 0.189 0.378000015431437
0 0.9005 0.14449999719515613 0.196 0.28799999438483137
0 0.331 0.19199999368738854 0.159 0.3829999873692962
0 0.4675 0.24100000666475843 0.168 0.275000017538838
0 0.7135 0.28149999859689295 0.202 0.2120000028062141
0 0.729 0.13199999719515615 0.149 0.2629999943848314
