0 0.4100000077897722 0.804 0.5010000005498663 0.387
0 0.6830000089811491 0.774 0.352999987902942 0.447
0 0.2890000128531241 0.2915 0.3930000270809139 0.36
0 0.17449999714756873 0.499 0.3379999939743821 0.385
0 0.8965000461887669 0.6745 0.20400002052834085 0.646
0 0.13600000018651062 0.7705 0.2710000003601338 0.456
0 0.867500030242645 0.2265 0.26200005242058466 0.438
0 0.6145000285930462 0.208 0.2540000021994651 0.399
0 0.4710000069649728 0.489 0.35899999120213966 0.265
0 0.21250000801888314 0.63 0.256000014754745 0.367
0 0.7420000185121645 0.51 0.23700001576283314 0.247
0 0.8885000417898367 0.108 0.2200000293262012 0.215
0 0.9305000190620307 0.1075 0.13600007478181306 0.214
0 0.9475000513208521 0.3005 0.10200001026417042 0.126
