1 0.276 0.8215000278598912 0.439 0.35400005718609234
0 0.6925 0.6200000316173107 0.262 0.7570000496712533
0 0.679 0.39900000746901687 0.399 0.5430000121887024
0 0.3735 0.5425000119137693 0.256 0.5420000230943834
0 0.3785 0.29150001136390297 0.244 0.4540000205283408
0 0.5735 0.1880000058684621 0.108 0.37500001172403674
0 0.892 0.11399999954499998 0.079 0.22699999907711246
0 0.5115 0.10650000687655028 0.082 0.21200001374021307
0 0.3125 0.10799999624580234 0.066 0.2149999924787172
0 0.378 0.29150001136390297 0.243 0.4540000205283408
