0 0.7715 0.5279999892868682 0.454 0.9409999790305863
0 0.267 0.592499984238676 0.387 0.8119999891269707
0 0.394 0.5644999863858708 0.275 0.8679999848325809
0 0.652 0.5809999854264859 0.311 0.8349999867513508
0 0.5835 0.5719999895838206 0.172 0.8529999784366813
0 0.092 0.5689999871625158 0.149 0.8589999832792911
0 0.5035 0.5879999891726556 0.112 0.8209999792590112
0 0.585 0.3599999936041004 0.167 0.42899998647724086
0 0.504 0.3859999822285361 0.109 0.4169999653707721
0 0.0265 0.37399998967519066 0.052 0.34099996875146193
0 0.459 0.3334999769747614 0.053 0.1799999853808009
0 0.026 0.28950000237561985 0.051 0.17199999415232037
