0 0.757 0.5854999942866634 0.457 0.6000000069674836
0 0.2865 0.6815000037624411 0.368 0.6319999869011309
0 0.058 0.5934999805607207 0.115 0.8099999797942976
0 0.1255 0.38999999930325163 0.214 0.46499999581950985
0 0.636 0.4064999933112158 0.187 0.3800000055739869
0 0.4215 0.4249999860650328 0.164 0.3909999899668236
0 0.282 0.29799999602853433 0.211 0.2790000079429313
0 0.92 0.4150000010451225 0.157 0.36700002243529717
0 0.0575 0.4260000028566683 0.114 0.47500002438619254
0 0.5265 0.3619999994426013 0.12 0.4530000033443921
0 0.836 0.3229999977704053 0.091 0.1870000133775685
0 0.3885 0.23350000599203588 0.082 0.15200000919707835
0 0.702 0.2795000032747173 0.081 0.13800001797610767
0 0.7625 0.26099999310219124 0.054 0.06499998536828445
0 0.9525 0.21399999644658338 0.036 0.05299999289316674
