0 0.4795 0.560499972607716 0.502 0.29999997242387516
0 0.098 0.501499980329031 0.075 0.17199996580560523
0 0.8705 0.5034999847412109 0.078 0.16000003125294146
0 0.3645 0.5174999696662627 0.084 0.13399997389460183
0 0.0395 0.5249999632318336 0.078 0.12700000441217996
0 0.8 0.502499982535121 0.061 0.16200003566512142
0 0.5835 0.38199999246252586 0.068 0.1510000113981316
0 0.7335 0.504999988050346 0.062 0.1570000246346715
0 0.0255 0.41499999632318335 0.05 0.1690000051475433
0 0.9085 0.5189999729753977 0.068 0.1309999672763319
0 0.745 0.3949999866715397 0.073 0.11700000533138413
0 0.1815 0.5109999783067818 0.054 0.15099996543792357
0 0.197 0.4144999722400344 0.083 0.09799998639577842
0 0.3385 0.39649997849062263 0.056 0.1419999915433217
0 0.6615 0.4599999806967126 0.062 0.10900001066276827
0 0.6 0.48999997793910016 0.053 0.12900000882435994
0 0.644 0.5284999939332525 0.053 0.10800000845667827
0 0.537 0.38499998759074383 0.051 0.0869999851088926
0 0.6935 0.5499999724238752 0.058 0.07099997279155686
