1 0.25150000846992104 0.677 0.216000007370771 0.409
1 0.5640000165519068 0.685 0.19700001862089514 0.447
1 0.7265000100863181 0.6895 0.22399999327578787 0.34
1 0.33549999786635576 0.726 0.1679999949568409 0.393
1 0.4330000150001655 0.6795 0.13300000206898835 0.392
1 0.4315000146122302 0.5605 0.12800000077587062 0.154
0 0.5309999918533583 0.2775 0.442999985258458 0.49
0 0.9090000087932005 0.5705 0.1789999493097855 0.488
0 0.08749999832046235 0.548 0.17399999663486318 0.479
0 0.21799999980603235 0.3955 0.15499999159473485 0.23
0 0.6779999813791049 0.401 0.12900000103449416 0.257
0 0.9405000007758706 0.139 0.11599996534444518 0.277
0 0.7755000227588719 0.3005 0.14999997413764565 0.198
0 0.7799999754307634 0.4485 0.12700000051724708 0.228
0 0.3314999968318616 0.2235 0.1359999866808875 0.18
0 0.16699999873921023 0.246 0.12499999191801427 0.193
0 0.32549999528012036 0.15 0.12399998357740499 0.177
0 0.06500000058341834 0.221 0.1290000011607752 0.157
0 0.9509999873274464 0.2625 0.0949999922412937 0.166
