1 0.467 0.4480000057735959 0.075 0.18300000898114913
0 0.253 0.6230000332669094 0.487 0.7510000463720556
0 0.3715 0.568500014754745 0.362 0.6240000452723231
0 0.336 0.2510000048456965 0.113 0.4090000101037928
0 0.091 0.2570000124407244 0.117 0.36700002423993816
0 0.1925 0.26850001017252606 0.094 0.25800002731002486
0 0.122 0.1485000043301969 0.051 0.18200000270350916
0 0.182 0.12550000027493313 0.053 0.11399999395147101
0 0.1215 0.11400000254313152 0.048 0.1129999991293784
0 0.2165 0.13300000153504335 0.04 0.11700000132884349
