1 0.125 0.466 0.139 0.171
1 0.5245 0.518 0.156 0.119
1 0.807 0.5115 0.133 0.14
1 0.2475 0.4675 0.112 0.16
1 0.7415 0.473 0.122 0.139
1 0.446 0.3785 0.119 0.102
1 0.1605 0.4555 0.07 0.152
1 0.4135 0.543 0.086 0.115
1 0.31 0.468 0.071 0.141
1 0.7095 0.4655 0.06 0.124
1 0.35 0.5495 0.071 0.068
0 0.7365 0.407 0.114 0.273
0 0.1525 0.4345 0.108 0.21
0 0.622 0.438 0.107 0.193
0 0.26 0.429 0.091 0.219
0 0.5355 0.44 0.088 0.195
0 0.3415 0.425 0.084 0.189
0 0.441 0.4285 0.095 0.146
0 0.261 0.3705 0.085 0.102
