1 0.781 0.497499971504671 0.161 0.2639999849250518
1 0.487 0.6894999814320759 0.131 0.3019999768360552
1 0.4515 0.3409999824432005 0.166 0.13299999466861587
1 0.413 0.34149998354624556 0.089 0.13399999687470585
1 0.481 0.3564999936574913 0.107 0.08400002445083067
0 0.2945 0.5219999566135636 0.228 0.7589999279343939
0 0.5845 0.3204999831785639 0.196 0.5399999733430794
0 0.8565 0.20499999264636673 0.084 0.26899999595550167
0 0.7405 0.28349999921867647 0.092 0.22600000450410038
0 0.3515 0.25349998474121094 0.044 0.09799998639577842
