1 0.408 0.65249999167014 0.165 0.2099999742531599
1 0.3145 0.5404999877323879 0.18 0.07600001484229606
1 0.211 0.448499996668056 0.181 0.06999997879671992
1 0.5965 0.481500005603724 0.154 0.07800001423648806
1 0.582 0.447999996819508 0.059 0.04499998636931994
0 0.8855 0.513499995910796 0.142 0.1899999803112399
0 0.8355 0.27749999167013994 0.07 0.15999998939835997
0 0.4455 0.31300000931429806 0.064 0.177000003180492
0 0.1545 0.31649998932263396 0.052 0.12799998015978792
0 0.639 0.3304999850819779 0.061 0.09799998924690796
0 0.4915 0.27750000113589 0.066 0.07999999469917998
