0 0.839 0.27400001997238377 0.319 0.5470000399143153
0 0.503 0.5714999998098593 0.163 0.5319999623521466
0 0.6255 0.25950000442077065 0.108 0.28199999800352293
0 0.204 0.20950001273942515 0.115 0.2440000159718166
0 0.4595 0.19350001076671564 0.094 0.24000002067779827
0 0.625 0.21050000413555967 0.107 0.18399999743310091
0 0.415 0.30750000142605505 0.117 0.16999999904929664
0 0.927 0.1205000060369664 0.081 0.2140000126443548
0 0.068 0.17750000879400615 0.089 0.1680000162570276
0 0.695 0.34950002034505206 0.067 0.2240000216760368
0 0.037 0.2925000057042202 0.073 0.08800000342253213
0 0.1255 0.3170000117887218 0.036 0.03500000190140674
