1 0.5329999923706055 0.747 0.23700000928795856 0.303
1 0.25849999552187714 0.7675 0.22199999767801035 0.326
1 0.34449999228767725 0.5905 0.1799999941950259 0.224
1 0.41649999825850775 0.503 0.15400001277094302 0.209
1 0.635000000829282 0.507 0.14099995986275052 0.221
1 0.5769999960194463 0.572 0.17300000398055368 0.179
1 0.5494999885559082 0.4025 0.1400000116099482 0.176
1 0.7220000184100607 0.398 0.10300001890762993 0.165
1 0.5354999873949133 0.423 0.11200000928795856 0.135
1 0.5734999905461851 0.3545 0.09200000762939453 0.08
1 0.7575000265370244 0.356 0.06400000530740489 0.093
0 0.6799999941950259 0.2505 0.19499998507292374 0.306
