1 0.1965 0.7810000063768073 0.08 0.13499997267082556
1 0.7405 0.48049999635611007 0.074 0.06799999635611008
0 0.489 0.7564999936231926 0.197 0.48399999817805506
0 0.21 0.6185000063768074 0.107 0.28399999817805505
0 0.708 0.5945000036438899 0.117 0.2460000109316698
0 0.111 0.6630000327950093 0.063 0.2310000291511194
0 0.3725 0.5705000236852845 0.054 0.19200002186333956
0 0.977 0.4775000159420184 0.043 0.19600003370598182
0 0.571 0.42200000819875233 0.031 0.14499999089027518
0 0.806 0.375000011387156 0.035 0.09500001366458723
