1 0.1985 0.6434999987169787 0.104 0.15799999523449232
1 0.358 0.6150000174124319 0.103 0.13100000329919764
1 0.605 0.5775000082479941 0.107 0.1280000245606935
1 0.2505 0.5915000159461219 0.042 0.11200001576283315
1 0.8285 0.5435000124636356 0.056 0.04400002419411599
1 0.4055 0.593000005315374 0.044 0.05499996150936092
1 0.028 0.7165000159461219 0.047 0.039999976172461524
0 0.0505 0.519499999266845 0.094 0.3560000124636355
0 0.5555 0.5030000131051462 0.108 0.2650000082479941
0 0.963 0.5740000177790094 0.071 0.36899999670080236
0 0.3375 0.46900000586524027 0.112 0.21100000146631007
0 0.1775 0.4899999945013373 0.088 0.21100000146631007
0 0.436 0.4789999999083556 0.063 0.261000006048529
0 0.6935 0.4795000116388361 0.062 0.2500000229110947
0 0.471 0.4765000099892373 0.055 0.2600000284097574
0 0.6375 0.4740000086145716 0.062 0.20099999596764734
0 0.828 0.43299999752560175 0.057 0.12099997488944023
