1 0.870000034570694 0.29850000888109207 0.25700002908706665 0.2580000013113022
1 0.9535000324249268 0.40150002390146255 0.09000003337860107 0.3060000389814377
1 0.5435000061988831 0.0495000034570694 0.07400000095367432 0.08400000631809235
1 0.11350000277161598 0.05700000375509262 0.07800000160932541 0.07700000703334808
1 0.22600001096725464 0.023500000563217327 0.0690000057220459 0.0460000010789372
1 0.3760000169277191 0.029500001546693966 0.04100000858306885 0.05800000304589048
1 0.5895000398159027 0.017000000429106876 0.05199998617172241 0.0330000008107163
0 0.4775000065565109 0.3420000225305557 0.3720000088214874 0.6470000445842743
0 0.06300000424380414 0.3485000016808044 0.12500000844011083 0.6960000033141114
0 0.4130000174045563 0.02800000223214738 0.05500000715255737 0.05500000441679731
0 0.46250002086162567 0.015500001114560291 0.05399999022483826 0.03000000218162313
