0 0.8390000462532043 0.6350000202655792 0.3190000057220459 0.7110000252723694
0 0.5250000208616257 0.6705000251531601 0.37700000405311584 0.4659999907016754
0 0.132500010979129 0.7535000145435333 0.26400002191076055 0.43800002336502075
0 0.7240000367164612 0.6590000241994858 0.13499999046325684 0.4870000183582306
0 0.5875000357627869 0.39250001311302185 0.20399999618530273 0.2919999957084656
0 0.4020000100135803 0.5385000258684158 0.1470000147819519 0.3280000388622284
0 0.2945000231266022 0.5415000170469284 0.08799999952316284 0.24399998784065247
0 0.7335000336170197 0.4675000160932541 0.10200005769729614 0.10400000214576721
0 0.25700000673532486 0.33250001072883606 0.05499999225139618 0.17599999904632568
0 0.9580000340938568 0.3630000203847885 0.08100003004074097 0.0990000069141388
0 0.7465000152587891 0.35600002110004425 0.0559999942779541 0.04899999499320984
0 0.913500040769577 0.3465000092983246 0.03800004720687866 0.06000000238418579
