0 0.2580000087618828 0.24500001221895218 0.06699998676776886 0.2330000251531601
0 0.9650000333786011 0.26900000870227814 0.05900001525878906 0.18700000643730164
0 0.9065000414848328 0.28300002217292786 0.06200003623962402 0.17500001192092896
0 0.1655000075697899 0.1940000094473362 0.044000014662742615 0.2070000097155571
0 0.7865000367164612 0.20150001347064972 0.0700000524520874 0.11600002646446228
0 0.17800001055002213 0.2150000035762787 0.0429999977350235 0.1850000023841858
0 0.38600002229213715 0.22750002145767212 0.04700002074241638 0.12400001287460327
0 0.33900001645088196 0.21650001406669617 0.050999999046325684 0.11000001430511475
0 0.21250001341104507 0.24750001728534698 0.03399999439716339 0.09800001978874207
0 0.9050000607967377 0.21400000900030136 0.03700000047683716 0.07099999487400055
