0 0.8390000462532043 0.27350001360173337 0.3190000057220459 0.5460000271559693
0 0.503000020980835 0.5705000311136246 0.1629999876022339 0.5340000092983246
0 0.5000000298023224 0.43950001895427704 0.15700000524520874 0.2719999849796295
0 0.6255000233650208 0.2580000162124634 0.10800004005432129 0.281000018119812
0 0.2045000046491623 0.20800000429153442 0.11399999260902405 0.24500000476837158
0 0.45900000631809235 0.19200000911951065 0.0949999988079071 0.23900000751018524
0 0.06850000377744436 0.2110000066459179 0.09000000543892384 0.23900000005960464
0 0.6250000298023224 0.2095000147819519 0.10700005292892456 0.18400001525878906
0 0.9270000457763672 0.11900000274181366 0.08099997043609619 0.2150000035762787
0 0.4045000225305557 0.30550000816583633 0.09400001168251038 0.17000000178813934
0 0.6955000460147858 0.34950002282857895 0.06800001859664917 0.22600002586841583
0 0.03699999998207204 0.2905000150203705 0.07299999991664663 0.08799999952316284
0 0.12600000202655792 0.3160000145435333 0.03700000047683716 0.0350000262260437
