1 0.6835000216960907 0.8595000505447388 0.1899999976158142 0.18599998950958252
0 0.7705000340938568 0.6950000375509262 0.23799997568130493 0.5050000250339508
0 0.31150002032518387 0.7020000517368317 0.21000002324581146 0.4790000319480896
0 0.12650000303983688 0.6630000472068787 0.20000000298023224 0.3810000419616699
0 0.9260000586509705 0.6320000290870667 0.11500000953674316 0.2630000114440918
0 0.6160000264644623 0.6240000128746033 0.12099999189376831 0.2549999952316284
0 0.4530000239610672 0.620000034570694 0.10499998927116394 0.18300002813339233
0 0.5675000250339508 0.6100000441074371 0.07600003480911255 0.20499998331069946
0 0.04050000334973447 0.5945000350475311 0.08000000665197149 0.1459999680519104
0 0.04100000063772313 0.5705000460147858 0.08100000122794881 0.09799998998641968
0 0.5090000331401825 0.6095000207424164 0.046999990940093994 0.1420000195503235
