1 0.714000016450882 0.6365000307559967 0.10100001096725464 0.09999996423721313
1 0.3245000094175339 0.6140000224113464 0.06600001454353333 0.04499995708465576
1 0.5290000438690186 0.6210000216960907 0.050999999046325684 0.04899996519088745
1 0.41200003027915955 0.6120000183582306 0.04100000858306885 0.05500000715255737
1 0.1315000057220459 0.6150000393390656 0.04399999976158142 0.04899996519088745
0 0.5735000371932983 0.572000041604042 0.07400000095367432 0.2330000102519989
0 0.4515000283718109 0.5750000178813934 0.06999999284744263 0.20499998331069946
0 0.6340000331401825 0.5815000385046005 0.06499999761581421 0.1940000355243683
0 0.37800002098083496 0.5770000219345093 0.05900001525878906 0.19700002670288086
0 0.5220000296831131 0.5820000171661377 0.04700002074241638 0.14100003242492676
