1 0.5505000203847885 0.5895000398159027 0.29999998211860657 0.30800002813339233
1 0.6790000200271606 0.5290000289678574 0.1510000228881836 0.0990000069141388
0 0.5050000250339508 0.4740000367164612 0.21900004148483276 0.5190000534057617
0 0.36750002205371857 0.46550002694129944 0.20000001788139343 0.5660000443458557
0 0.25550001859664917 0.3980000242590904 0.12800002098083496 0.591000035405159
0 0.06250000323052518 0.41600001603364944 0.12400000641355291 0.5770000070333481
0 0.1380000077188015 0.3750000298023224 0.0950000062584877 0.51500004529953
0 0.909000039100647 0.21450000442564487 0.12100005149841309 0.33400000259280205
0 0.7865000367164612 0.23400001600384712 0.1260000467300415 0.30500002950429916
0 0.6455000340938568 0.2410000078380108 0.10799998044967651 0.29900000244379044
0 0.40950001776218414 0.1655000075697899 0.10200002789497375 0.1420000046491623
0 0.5715000331401825 0.2160000056028366 0.08199995756149292 0.16899999976158142
0 0.1900000125169754 0.24650002270936966 0.07100000977516174 0.19200001657009125
0 0.026500001054955646 0.16450000926852226 0.05200000206241384 0.09000001102685928
0 0.5320000052452087 0.10700000450015068 0.05900001525878906 0.07699999958276749
0 0.027000002068234608 0.16450000926852226 0.053000004088971764 0.09000001102685928
