1 0.5915000289678574 0.43150001764297485 0.21599999070167542 0.14800000190734863
1 0.5715000182390213 0.40650002658367157 0.1759999692440033 0.09800001978874207
0 0.4565000119328033 0.5415000282227993 0.9120000238181092 0.914000041782856
0 0.8070000410079956 0.5210000276565552 0.21700000762939453 0.2250000238418579
0 0.9390000402927399 0.5845000296831131 0.10900002717971802 0.3020000159740448
0 0.9835000336170197 0.5660000145435333 0.030000030994415283 0.25099998712539673
0 0.9035000503063202 0.4815000146627426 0.06999999284744263 0.085999995470047
0 0.046000001952052116 0.46000002324581146 0.07300000265240669 0.0650000274181366
0 0.8795000314712524 0.44600000977516174 0.04799997806549072 0.0690000057220459
0 0.12600000575184822 0.4230000227689743 0.04100000113248825 0.06100001931190491
0 0.7010000348091125 0.47850003838539124 0.04700005054473877 0.050000011920928955
0 0.8875000476837158 0.45750001072883606 0.039999961853027344 0.046000003814697266
0 0.8485000431537628 0.4710000157356262 0.041999995708465576 0.04100000858306885
0 0.7125000059604645 0.4515000283718109 0.03200000524520874 0.03799998760223389
