0 0.36000001430511475 0.5960000306367874 0.19900000095367432 0.26100000739097595
0 0.11600000411272049 0.5730000138282776 0.14900000393390656 0.29100000858306885
0 0.22300000488758087 0.5115000158548355 0.09099999070167542 0.13600000739097595
0 0.4190000146627426 0.5145000219345093 0.07100000977516174 0.14600002765655518
0 0.5035000145435333 0.4675000160932541 0.06999999284744263 0.11399999260902405
0 0.7390000224113464 0.44850002229213715 0.0690000057220459 0.0740000307559967
0 0.6740000247955322 0.8155000507831573 0.37300002574920654 0.3659999966621399
0 0.12650000327266753 0.7830000519752502 0.24600000632926822 0.4309999942779541
0 0.3265000209212303 0.8260000348091125 0.2720000296831131 0.3450000286102295
0 0.48750002682209015 0.7290000468492508 0.1459999978542328 0.47300001978874207
0 0.7345000505447388 0.6705000251531601 0.1679999828338623 0.4000000059604645
0 0.5770000219345093 0.5355000346899033 0.12699997425079346 0.21400001645088196
0 0.26750002056360245 0.6040000170469284 0.10000000894069672 0.25699999928474426
0 0.6760000288486481 0.5325000286102295 0.08499997854232788 0.16600000858306885
0 0.022000001248670742 0.5860000252723694 0.04300000244984403 0.31700003147125244
0 0.6285000145435333 0.4855000227689743 0.05199998617172241 0.12200000882148743
