0 0.5345000326633453 0.5965000241994858 0.21400004625320435 0.4180000126361847
0 0.28950001299381256 0.6960000395774841 0.17800000309944153 0.24699997901916504
0 0.7100000381469727 0.4865000396966934 0.07099997997283936 0.15400001406669617
0 0.1535000056028366 0.22450001537799835 0.050000011920928955 0.08000001311302185
0 0.19750001281499863 0.12950000539422035 0.056000009179115295 0.059999994933605194
0 0.19500000774860382 0.34400002658367157 0.04899999499320984 0.05700001120567322
0 0.3620000183582306 0.40050001442432404 0.050999999046325684 0.04999998211860657
0 0.3165000081062317 0.4020000100135803 0.046000003814697266 0.046999990940093994
0 0.09000000357627869 0.40400001406669617 0.04500000178813934 0.046999990940093994
0 0.2550000101327896 0.406000018119812 0.04300001263618469 0.04100000858306885
0 0.21900001168251038 0.40700002014636993 0.03700000047683716 0.04099997878074646
