1 0.5215000212192535 0.5015000253915787 0.3199999928474426 0.2019999921321869
0 0.9165000319480896 0.19900000095367432 0.10199999809265137 0.21299999952316284
0 0.5770000219345093 0.22300000861287117 0.09500002861022949 0.20500000566244125
0 0.3140000104904175 0.23200000822544098 0.09700000286102295 0.19699999690055847
0 0.11350000835955143 0.23750000447034836 0.10400001332163811 0.18199999630451202
0 0.4595000296831131 0.23100000619888306 0.09800001978874207 0.1809999942779541
0 0.3830000162124634 0.1875000074505806 0.11100000143051147 0.11800001561641693
0 0.6685000360012054 0.15850000828504562 0.12400001287460327 0.09800000488758087
0 0.45900003612041473 0.19350001215934753 0.09700003266334534 0.10600000619888306
0 0.6620000302791595 0.2600000128149986 0.07300001382827759 0.13500000536441803
0 0.06150000120396726 0.31450001895427704 0.12200000236043707 0.08000001311302185
0 0.7855000495910645 0.17000000551342964 0.09399998188018799 0.0989999994635582
0 0.04350000177510083 0.23700001090765 0.07800000300630927 0.1210000067949295
0 0.15000000968575478 0.3125000149011612 0.0910000130534172 0.07799997925758362
