0 0.4295000284910202 0.5570000261068344 0.27000001072883606 0.4230000078678131
0 0.7835000157356262 0.585500031709671 0.1380000114440918 0.40800005197525024
0 0.8765000402927399 0.6145000457763672 0.1420000195503235 0.3580000400543213
0 0.5920000076293945 0.5725000202655792 0.13499999046325684 0.15200001001358032
0 0.04000000233645551 0.5140000134706497 0.07900000462541357 0.17899999022483826
0 0.09950000420212746 0.5390000194311142 0.09400000423192978 0.13699999451637268
0 0.9620000422000885 0.42100001871585846 0.07300001382827759 0.14900001883506775
0 0.4845000207424164 0.2565000206232071 0.07999998331069946 0.14000001549720764
0 0.13450000807642937 0.2720000222325325 0.08800000697374344 0.10900001227855682
0 0.027000002068234608 0.26100001484155655 0.053000004088971764 0.10900001227855682
