0 0.4385000243782997 0.846500039100647 0.4180000275373459 0.30400002002716064
0 0.773000031709671 0.874500036239624 0.26899999380111694 0.24800002574920654
0 0.8630000352859497 0.8015000224113464 0.218999981880188 0.26600003242492676
0 0.7855000197887421 0.6385000348091125 0.19999998807907104 0.24199998378753662
0 0.13450000435113907 0.7790000140666962 0.1720000058412552 0.21299999952316284
0 0.5040000230073929 0.7515000104904175 0.1889999806880951 0.18400001525878906
0 0.6005000472068787 0.7595000267028809 0.156000018119812 0.17400002479553223
0 0.2485000118613243 0.7535000145435333 0.18199999630451202 0.12400001287460327
0 0.042500003677560017 0.7695000469684601 0.08400000730762258 0.2160000205039978
0 0.5400000363588333 0.6070000231266022 0.10300001502037048 0.1589999794960022
0 0.042000002664281055 0.7275000512599945 0.08300000528106466 0.13200002908706665
0 0.2250000163912773 0.5505000203847885 0.09700001776218414 0.10400000214576721
0 0.9425000548362732 0.565500020980835 0.09200000762939453 0.10199999809265137
0 0.2045000046491623 0.6875000298023224 0.11399999260902405 0.08400005102157593
0 0.859000027179718 0.5640000402927399 0.0690000057220459 0.10100001096725464
