1 0.6295000314712524 0.7080000340938568 0.10399997234344482 0.2850000262260437
1 0.9020000696182251 0.5760000348091125 0.125 0.14499998092651367
1 0.09250000678002834 0.643500030040741 0.11400001123547554 0.13199996948242188
1 0.07900000549852848 0.5460000038146973 0.055000003427267075 0.07899999618530273
1 0.14950000494718552 0.5480000078678131 0.03399999439716339 0.07499998807907104
0 0.5425000339746475 0.44600000977516174 0.21000000834465027 0.7950000166893005
0 0.333500012755394 0.45500002056360245 0.2199999988079071 0.4870000332593918
0 0.7990000545978546 0.5280000269412994 0.10900002717971802 0.25700002908706665
0 0.20400001108646393 0.46700000762939453 0.06700000166893005 0.28299999237060547
0 0.05250000301748514 0.46000002324581146 0.062000004574656487 0.23899999260902405
0 0.13100000843405724 0.4610000401735306 0.06300000101327896 0.22300001978874207
0 0.3830000162124634 0.46250003576278687 0.05699998140335083 0.24800002574920654
0 0.6185000538825989 0.4425000250339508 0.0559999942779541 0.25200003385543823
0 0.6820000112056732 0.4570000171661377 0.05500000715255737 0.23500001430511475
0 0.6525000333786011 0.458500012755394 0.054000020027160645 0.2240000069141388
0 0.42100001871585846 0.45100001990795135 0.04499998688697815 0.20100000500679016
0 0.3605000227689743 0.45650000870227814 0.03599998354911804 0.1939999759197235
0 0.09150000661611557 0.435000017285347 0.03800000250339508 0.16700002551078796
