0 0.1210000067949295 0.8120000660419464 0.11300000548362732 0.3230000138282776
0 0.8755000531673431 0.8155000507831573 0.10600000619888306 0.18800002336502075
0 0.35750001668930054 0.674500048160553 0.08600002527236938 0.19200003147125244
0 0.027000002068234608 0.5150000154972076 0.053000004088971764 0.2670000195503235
0 0.11000000685453415 0.47050000727176666 0.0650000125169754 0.21199998259544373
0 0.01800000059301965 0.8110000491142273 0.03500000113854185 0.375
0 0.9030000567436218 0.3590000122785568 0.05900001525878906 0.210999995470047
0 0.8860000371932983 0.6540000140666962 0.0690000057220459 0.14899998903274536
0 0.851000040769577 0.31800001859664917 0.04899996519088745 0.16500002145767212
0 0.5425000190734863 0.23800000548362732 0.054000020027160645 0.13899999856948853
0 0.9250000417232513 0.19300001114606857 0.046999990940093994 0.15300001204013824
0 0.4635000228881836 0.29900000989437103 0.046000003814697266 0.13699999451637268
0 0.1835000067949295 0.2290000095963478 0.050000011920928955 0.10099999606609344
0 0.5665000379085541 0.8865000307559967 0.17000001668930054 0.22400003671646118
0 0.0895000057935249 0.8930000364780426 0.17800001153955236 0.21100002527236938
0 0.2535000145435333 0.9040000438690186 0.1380000114440918 0.18900001049041748
0 0.4090000092983246 0.924500048160553 0.14300000667572021 0.14800000190734863
0 0.6990000307559967 0.7285000383853912 0.07499998807907104 0.265999972820282
0 0.8095000386238098 0.5345000326633453 0.07200002670288086 0.27000004053115845
0 0.773000031709671 0.9185000360012054 0.12700003385543823 0.1600000262260437
0 0.843500018119812 0.533000037074089 0.07400000095367432 0.24700000882148743
0 0.4780000150203705 0.8340000212192535 0.07499998807907104 0.23900002241134644
0 0.9365000426769257 0.706000030040741 0.07999998331069946 0.21700000762939453
0 0.9210000336170197 0.9410000443458557 0.15500003099441528 0.11500000953674316
0 0.19950000941753387 0.5965000092983246 0.07400000095367432 0.18800002336502075
0 0.7455000281333923 0.792000025510788 0.09399998188018799 0.1470000147819519
0 0.38450001180171967 0.924500048160553 0.09400001168251038 0.14800000190734863
0 0.9730000495910645 0.877500057220459 0.050999999046325684 0.24199998378753662
0 0.11400000751018524 0.6395000517368317 0.08700001239776611 0.1420000195503235
0 0.2435000091791153 0.5080000162124634 0.06799998879432678 0.16100001335144043
0 0.2515000179409981 0.6160000264644623 0.05800001323223114 0.15500003099441528
0 0.788500040769577 0.7070000469684601 0.06999999284744263 0.11900001764297485
0 0.20350001007318497 0.6405000388622284 0.06800000369548798 0.10799998044967651
0 0.6975000202655792 0.26750000566244125 0.050000011920928955 0.12199999392032623
0 0.19450000673532486 0.4870000332593918 0.052000001072883606 0.11500003933906555
0 0.08950000628829002 0.5840000510215759 0.05000000447034836 0.09700000286102295
0 0.9375000596046448 0.8495000600814819 0.046000003814697266 0.0820000171661377
