0 0.5605000257492065 0.572500042617321 0.48000001907348633 0.8480000644922256
0 0.1625000121712219 0.7680000364780426 0.32400002429494634 0.4610000252723694
0 0.8940000534057617 0.8345000445842743 0.17100000381469727 0.2420000433921814
0 0.8280000388622284 0.8420000374317169 0.16300004720687866 0.2149999737739563
0 0.9520000517368317 0.8705000281333923 0.09299999475479126 0.2560000419616699
0 0.8530000448226929 0.6645000278949738 0.12699997425079346 0.19199997186660767
0 0.388000026345253 0.7755000591278076 0.12700000405311584 0.18400001525878906
0 0.0245000007271301 0.7190000414848328 0.04800000140676275 0.34300005435943604
0 0.7470000386238098 0.6900000274181366 0.10300004482269287 0.15099996328353882
0 0.6595000326633453 0.6790000200271606 0.09400004148483276 0.125
0 0.8400000631809235 0.5910000205039978 0.11900001764297485 0.09700000286102295
0 0.3930000215768814 0.6490000188350677 0.10899999737739563 0.0910000205039978
0 0.6585000157356262 0.6220000386238098 0.09200000762939453 0.09500002861022949
0 0.7395000159740448 0.5840000212192535 0.08799999952316284 0.08100003004074097
0 0.916500061750412 0.4970000237226486 0.078000009059906 0.08900001645088196
0 0.3945000171661377 0.6880000233650208 0.07400000095367432 0.08899998664855957
0 0.7905000448226929 0.7465000450611115 0.08599996566772461 0.07199996709823608
0 0.0950000025331974 0.4570000320672989 0.08299999684095383 0.06700000166893005
