1 0.5515000224113464 0.21350000984966755 0.21399998664855957 0.34800001606345177
0 0.34549999982118607 0.6935000419616699 0.3879999965429306 0.440000057220459
0 0.804000049829483 0.5315000265836716 0.3889999985694885 0.2500000298023224
0 0.5585000365972519 0.3895000219345093 0.14000001549720764 0.14399999380111694
0 0.14800000935792923 0.6250000298023224 0.05900000035762787 0.2149999737739563
0 0.7255000174045563 0.5610000342130661 0.058000028133392334 0.18299999833106995
0 0.6640000343322754 0.5535000115633011 0.04900002479553223 0.17399999499320984
0 0.7250000238418579 0.5740000158548355 0.050999999046325684 0.15900000929832458
0 0.9125000238418579 0.5990000367164612 0.06400001049041748 0.11300003528594971
0 0.7035000324249268 0.3985000252723694 0.06599998474121094 0.1119999885559082
0 0.7845000624656677 0.554500013589859 0.046000003814697266 0.15399998426437378
0 0.24700001627206802 0.5635000169277191 0.05300001800060272 0.11799997091293335
0 0.6300000250339508 0.5560000240802765 0.04300004243850708 0.15700000524520874
0 0.8915000557899475 0.3735000193119049 0.04799997806549072 0.11800003051757812
0 0.9575000405311584 0.596500039100647 0.046000003814697266 0.11000001430511475
0 0.29250000417232513 0.64000004529953 0.057999998331069946 0.08899998664855957
0 0.5800000429153442 0.4110000282526016 0.04900002479553223 0.0990000069141388
0 0.5295000076293945 0.36800001561641693 0.046000003814697266 0.10099998116493225
0 0.8545000553131104 0.5770000219345093 0.04799997806549072 0.08700001239776611
0 0.8765000402927399 0.549500048160553 0.041999995708465576 0.09200000762939453
0 0.7795000374317169 0.38600002229213715 0.04000002145767212 0.09099999070167542
0 0.9405000507831573 0.5065000206232071 0.04399996995925903 0.08199998736381531
0 0.5515000224113464 0.4115000218153 0.039999961853027344 0.09000000357627869
0 0.6295000314712524 0.5205000340938568 0.04200005531311035 0.08600002527236938
0 0.21550001204013824 0.6245000064373016 0.04800000786781311 0.06999999284744263
0 0.7130000591278076 0.31700000166893005 0.04100000858306885 0.08300000429153442
0 0.8830000162124634 0.4935000091791153 0.04100000858306885 0.08199998736381531
0 0.19050001353025436 0.6110000312328339 0.035999998450279236 0.08900004625320435
0 0.9770000576972961 0.49800001084804535 0.042999982833862305 0.0729999840259552
0 0.5090000331401825 0.4140000194311142 0.03700000047683716 0.08900001645088196
0 0.01800000059301965 0.628000020980835 0.03500000113854185 0.08500003814697266
0 0.8460000455379486 0.5065000355243683 0.04300004243850708 0.06000000238418579
0 0.8860000371932983 0.3010000139474869 0.03100001811981201 0.07900002598762512
0 0.9095000326633453 0.3095000088214874 0.030000030994415283 0.06999999284744263
0 0.509500041604042 0.39750000834465027 0.034000009298324585 0.0559999942779541
0 0.5950000286102295 0.5490000247955322 0.03299999237060547 0.03299999237060547
