1 0.3125000149011612 0.6970000267028809 0.08400002121925354 0.2369999885559082
0 0.9135000705718994 0.5750000327825546 0.12000000476837158 0.3190000355243683
0 0.08600000129081309 0.4830000251531601 0.16100000170990825 0.4130000174045563
0 0.5800000131130219 0.49400001764297485 0.14899998903274536 0.4010000228881836
0 0.466000035405159 0.2510000094771385 0.10300001502037048 0.2510000020265579
0 0.38100002706050873 0.3570000231266022 0.13100001215934753 0.1510000228881836
0 0.4910000115633011 0.3505000174045563 0.10499998927116394 0.1380000114440918
0 0.2565000057220459 0.17100001126527786 0.11599999666213989 0.09100000560283661
0 0.6910000145435333 0.4295000359416008 0.23900002241134644 0.7280000597238541
0 0.2200000062584877 0.4830000400543213 0.13700000941753387 0.37300002574920654
0 0.940000057220459 0.23150001466274261 0.11699998378753662 0.33800002932548523
0 0.5580000281333923 0.24950001388788223 0.10899996757507324 0.2160000056028366
0 0.15450000390410423 0.3555000126361847 0.08399999886751175 0.13999998569488525
