0 0.6710000336170197 0.7985000312328339 0.2329999804496765 0.40000003576278687
0 0.8530000448226929 0.6695000231266022 0.12300002574920654 0.421999990940094
0 0.44700002670288086 0.6105000376701355 0.14300000667572021 0.20200002193450928
0 0.28850001096725464 0.597000002861023 0.1119999885559082 0.16100001335144043
0 0.015500001114560291 0.7400000393390656 0.03000000218162313 0.5170000195503235
0 0.6070000231266022 0.6455000340938568 0.07300001382827759 0.19199997186660767
0 0.5630000233650208 0.4950000196695328 0.07299995422363281 0.10300001502037048
0 0.21700001507997513 0.5025000274181366 0.06700001657009125 0.09600001573562622
0 0.32900001108646393 0.4805000275373459 0.06100001931190491 0.09400001168251038
0 0.3710000216960907 0.503000020980835 0.05500000715255737 0.08700001239776611
0 0.18950000405311584 0.4155000150203705 0.046000003814697266 0.0820000171661377
0 0.07700000703334808 0.5615000426769257 0.10100001096725464 0.15200001001358032
0 0.1600000075995922 0.564500018954277 0.08100000768899918 0.16199997067451477
0 0.22300001978874207 0.5940000414848328 0.08700001239776611 0.14100003242492676
0 0.025500000891042873 0.5550000369548798 0.050000001734588295 0.13899999856948853
