1 0.3555000051856041 0.4905000180006027 0.2939999848604202 0.23399999737739563
0 0.406000018119812 0.8210000395774841 0.11699998378753662 0.35500001907348633
0 0.5235000103712082 0.8205000460147858 0.10400000214576721 0.35600000619888306
0 0.7020000219345093 0.835500031709671 0.10500001907348633 0.32600003480911255
0 0.04350000197882764 0.82750004529953 0.08600000391015783 0.34200000762939453
0 0.7825000286102295 0.8610000312328339 0.10199999809265137 0.27500003576278687
0 0.8865000307559967 0.8720000386238098 0.1040000319480896 0.25300002098083496
0 0.8450000286102295 0.8290000259876251 0.08099997043609619 0.2930000424385071
0 0.9595000445842743 0.8520000278949738 0.078000009059906 0.2930000424385071
0 0.6205000281333923 0.8705000281333923 0.08800005912780762 0.2560000419616699
0 0.10400000214576721 0.8705000281333923 0.07899999618530273 0.2560000419616699
0 0.04300000096554868 0.7615000307559967 0.08500000188359991 0.20800000429153442
0 0.10600000247359276 0.7305000424385071 0.09300000220537186 0.17799997329711914
