0 0.4385000169277191 0.529000036418438 0.28200000524520874 0.6950000673532486
0 0.5770000219345093 0.4775000363588333 0.1510000228881836 0.3920000493526459
0 0.3100000098347664 0.5200000256299973 0.1289999932050705 0.35899999737739563
0 0.8150000274181366 0.3855000138282776 0.14500004053115845 0.20800000429153442
0 0.2110000103712082 0.36250002682209015 0.10300001502037048 0.18200001120567322
0 0.7975000441074371 0.3580000102519989 0.07600003480911255 0.1470000147819519
0 0.6475000381469727 0.3895000219345093 0.06200003623962402 0.18000000715255737
0 0.14000000432133675 0.36800001561641693 0.06699999421834946 0.16499999165534973
0 0.7615000307559967 0.3735000193119049 0.06000000238418579 0.17000001668930054
0 0.9480000436306 0.3360000103712082 0.07300001382827759 0.11700001358985901
0 0.9740000367164612 0.38050001859664917 0.04900002479553223 0.18000000715255737
0 0.6445000469684601 0.3035000264644623 0.06999999284744263 0.06000000238418579
