1 0.533000037074089 0.7475000619888306 0.2370000183582306 0.30400002002716064
1 0.25850000977516174 0.7675000429153442 0.22200000286102295 0.3259999752044678
1 0.3440000116825104 0.5900000333786011 0.1809999942779541 0.22300004959106445
1 0.4165000170469284 0.5025000274181366 0.15400001406669617 0.20800000429153442
1 0.6350000202655792 0.5070000141859055 0.14099997282028198 0.22099998593330383
1 0.5765000283718109 0.5720000267028809 0.171999990940094 0.17900002002716064
1 0.5480000227689743 0.4110000282526016 0.13699999451637268 0.15900000929832458
1 0.7220000326633453 0.3985000103712082 0.1029999852180481 0.164000004529953
1 0.5805000364780426 0.3760000169277191 0.10600000619888306 0.08899998664855957
1 0.7575000524520874 0.35600002110004425 0.06599998474121094 0.09300002455711365
1 0.5705000460147858 0.36250002682209015 0.08600002527236938 0.062000006437301636
1 0.5875000357627869 0.343500018119812 0.06200003623962402 0.0559999942779541
0 0.6805000305175781 0.25200000777840614 0.19599997997283936 0.30900000780820847
