0 0.5585000216960907 0.5950000211596489 0.5040000081062317 0.7070000320672989
0 0.44850003719329834 0.5450000092387199 0.1640000343322754 0.607000008225441
0 0.7150000333786011 0.681500032544136 0.1369999647140503 0.5340000092983246
0 0.5600000321865082 0.6445000469684601 0.14500004053115845 0.5020000338554382
0 0.3605000227689743 0.6000000387430191 0.11200001835823059 0.45500001311302185
0 0.76500004529953 0.6180000305175781 0.08899998664855957 0.5010000467300415
0 0.6730000078678131 0.6285000443458557 0.10100001096725464 0.44200003147125244
0 0.6385000348091125 0.6185000240802765 0.08000004291534424 0.45600003004074097
0 0.12450000271201134 0.5495000183582306 0.08399999886751175 0.20999997854232788
0 0.20200001448392868 0.5405000299215317 0.07700000703334808 0.18400004506111145
0 0.017500001442385837 0.531000018119812 0.034000002837274224 0.3190000057220459
0 0.11000000312924385 0.4335000365972519 0.054999999701976776 0.15800002217292786
0 0.015500001114560291 0.41750001907348633 0.03000000218162313 0.09200000762939453
0 0.5550000369548798 0.4455000162124634 0.038999974727630615 0.06999999284744263
0 0.3030000180006027 0.5425000339746475 0.06100001931190491 0.22600004076957703
0 0.06050000339746475 0.47700002789497375 0.052000001072883606 0.07300001382827759
