1 0.5060000419616699 0.6790000200271606 0.17900002002716064 0.5329999923706055
1 0.2070000097155571 0.7155000567436218 0.1210000067949295 0.406000018119812
1 0.7520000338554382 0.6710000336170197 0.17299997806549072 0.23700004816055298
1 0.40050001442432404 0.5250000357627869 0.12200000882148743 0.16100001335144043
1 0.7245000302791595 0.5930000096559525 0.07600003480911255 0.24300000071525574
1 0.3825000077486038 0.5250000357627869 0.085999995470047 0.16100001335144043
1 0.7245000600814819 0.521000012755394 0.07400000095367432 0.0990000069141388
0 0.9000000357627869 0.5410000272095203 0.19700002670288086 0.9150000438094139
0 0.26500000804662704 0.5030000284314156 0.20499999821186066 0.6310000270605087
0 0.6415000259876251 0.4830000177025795 0.1300000548362732 0.6370000094175339
0 0.4675000309944153 0.4025000110268593 0.14600002765655518 0.4479999989271164
0 0.05800000156159513 0.43150003254413605 0.1150000030756928 0.41200003027915955
