0 0.9440000355243683 0.8780000507831573 0.10900002717971802 0.2409999966621399
0 0.25600000470876694 0.7700000405311584 0.10300000011920929 0.1929999589920044
0 0.14950000494718552 0.781000018119812 0.08400000631809235 0.19900000095367432
0 0.05800000156159513 0.8340000510215759 0.1150000030756928 0.11300003528594971
0 0.15000000596046448 0.7460000216960907 0.08100000023841858 0.12700003385543823
0 0.7140000462532043 0.7405000329017639 0.10699999332427979 0.10000002384185791
0 0.032000001025153324 0.7240000367164612 0.0630000020028092 0.12100005149841309
0 0.5740000307559967 0.7200000584125519 0.08100003004074097 0.09299999475479126
0 0.1860000118613243 0.8475000262260437 0.07700000703334808 0.10000002384185791
0 0.7915000319480896 0.7225000262260437 0.05200004577636719 0.08399999141693115
0 0.07300000451505184 0.713500052690506 0.0430000014603138 0.08600002527236938
0 0.5160000324249268 0.7385000288486481 0.04900002479553223 0.06999999284744263
0 0.4725000262260437 0.7190000414848328 0.06400001049041748 0.050999999046325684
0 0.8575000464916229 0.7230000495910645 0.04399996995925903 0.06700003147125244
0 0.8870000243186951 0.7200000286102295 0.04100000858306885 0.07099997997283936
0 0.9360000491142273 0.718500018119812 0.034999966621398926 0.07200002670288086
