1 0.5260000228881836 0.6650000214576721 0.15299999713897705 0.13499999046325684
1 0.09800000675022602 0.7435000240802765 0.10300001129508018 0.11799997091293335
0 0.31700000911951065 0.5640000253915787 0.17499999701976776 0.36100003123283386
0 0.5270000100135803 0.5330000221729279 0.04100000858306885 0.1290000081062317
0 0.7275000512599945 0.5670000314712524 0.03200000524520874 0.14300000667572021
0 0.05650000460445881 0.445000022649765 0.04000000283122063 0.10100001096725464
0 0.44350002706050873 0.5425000339746475 0.030000001192092896 0.11800000071525574
0 0.22100000828504562 0.5150000154972076 0.03300000727176666 0.07300001382827759
0 0.05550000071525574 0.4155000150203705 0.035999998450279236 0.041999995708465576
0 0.6905000507831573 0.5110000222921371 0.0339999794960022 0.03699997067451477
