0 0.5340000241994858 0.4195000231266022 0.1550000011920929 0.3720000386238098
0 0.6925000250339508 0.682500034570694 0.09799998998641968 0.47600001096725464
0 0.2550000101327896 0.6340000480413437 0.10899999737739563 0.4110000431537628
0 0.40700002014636993 0.6435000151395798 0.10300001502037048 0.4360000193119049
0 0.7035000324249268 0.4065000116825104 0.12800002098083496 0.3479999899864197
0 0.5425000339746475 0.6785000413656235 0.09800001978874207 0.4060000479221344
0 0.2630000114440918 0.427000030875206 0.11500000953674316 0.3550000488758087
0 0.39400002360343933 0.3555000051856041 0.09299999475479126 0.34800000488758087
0 0.8805000185966492 0.729000061750412 0.08399999141693115 0.36900001764297485
0 0.8365000486373901 0.7775000333786011 0.08000004291534424 0.35600006580352783
0 0.9265000522136688 0.7780000269412994 0.07600003480911255 0.359000027179718
0 0.019500001770211384 0.6675000488758087 0.038000003492925316 0.28200000524520874
0 0.3540000170469284 0.9730000495910645 0.04899999499320984 0.050999999046325684
0 0.3150000125169754 0.9805000424385071 0.058999985456466675 0.03600001335144043
