1 0.4700000286102295 0.7120000272989273 0.15299999713897705 0.511000007390976
0 0.7155000269412994 0.49900001287460327 0.3399999737739563 0.7269999980926514
0 0.3230000212788582 0.49150003492832184 0.3490000218153 0.6980000436306
0 0.5375000238418579 0.1845000120520126 0.15799999237060547 0.36800002405652776
0 0.6580000221729279 0.08550000513787381 0.15500003099441528 0.17000001022825018
0 0.2720000222325325 0.06550000185961835 0.14100001752376556 0.13000000367173925
0 0.3010000139474869 0.06300000424380414 0.11700001358985901 0.12500000844011083
0 0.6915000379085541 0.07550000722403638 0.08799999952316284 0.1500000144005753
0 0.07600000314414501 0.057500004273606464 0.07899999991059303 0.11400000849971548
0 0.024000001576496288 0.06500000084633939 0.047000003105495125 0.12900000164518133
