0 0.39350003004074097 0.6885000169277191 0.2200000286102295 0.22600001096725464
0 0.29600001871585846 0.24500001594424248 0.11300000548362732 0.39900002628564835
0 0.14050000347197056 0.2955000102519989 0.1720000021159649 0.1340000033378601
0 0.8080000281333923 0.6980000436306 0.18700003623962402 0.11900001764297485
0 0.05800000156159513 0.44750000536441803 0.1150000030756928 0.18399998545646667
0 0.21900001168251038 0.2600000202655792 0.0910000205039978 0.2070000171661377
0 0.04550000230665319 0.33250001817941666 0.09000000456580892 0.2160000056028366
0 0.9175000488758087 0.4855000227689743 0.12400001287460327 0.12399998307228088
0 0.5490000247955322 0.5410000085830688 0.09300005435943604 0.15299999713897705
0 0.05200000430340879 0.41350001096725464 0.10300000855932012 0.11599999666213989
0 0.6925000250339508 0.3840000182390213 0.09999996423721313 0.11300000548362732
0 0.032000001025153324 0.32100001722574234 0.0630000020028092 0.19300000369548798
0 0.029500001546693966 0.6965000331401825 0.05800000304589048 0.1480000615119934
0 0.43800000846385956 0.4180000126361847 0.06700000166893005 0.11500000953674316
0 0.029000000533415005 0.6735000312328339 0.05700000101933256 0.10200005769729614
