0 0.4950000196695328 0.5795000344514847 0.4350000321865082 0.6700000464916229
0 0.6285000145435333 0.1495000007271301 0.18199998140335083 0.29800000140676275
0 0.10700000400538556 0.8860000371932983 0.21300000796327367 0.2250000238418579
0 0.7785000503063202 0.15000000919098966 0.15399998426437378 0.29900001833448187
0 0.10450000502169132 0.26000000536441803 0.1300000064074993 0.14100000262260437
0 0.04900000194902532 0.15950000658631325 0.09700000385055318 0.17000000923871994
0 0.3515000194311142 0.10450000688433647 0.11200001835823059 0.10400000959634781
0 0.9645000398159027 0.42900003492832184 0.06800001859664917 0.16700002551078796
0 0.9475000500679016 0.10600000619888306 0.10199999809265137 0.0990000069141388
0 0.4595000147819519 0.1080000065267086 0.10399997234344482 0.0950000062584877
0 0.8625000417232513 0.056500003673136234 0.06800001859664917 0.10000000707805157
0 0.5340000092983246 0.11050000786781311 0.06300002336502075 0.09200000762939453
0 0.9045000374317169 0.029000000533415005 0.09400004148483276 0.05700000101933256
