0 0.5025000274181366 0.7000000327825546 0.22600001096725464 0.48899999260902405
0 0.6465000212192535 0.7410000264644623 0.23400002717971802 0.4089999794960022
0 0.31850001960992813 0.7550000548362732 0.25600002706050873 0.3270000219345093
0 0.5090000182390213 0.2515000179409981 0.2330000102519989 0.21000002324581146
0 0.7425000369548798 0.7195000350475311 0.10799998044967651 0.37599998712539673
0 0.609000027179718 0.7430000305175781 0.06700003147125244 0.17900002002716064
0 0.9440000355243683 0.7350000441074371 0.08300000429153442 0.14500004053115845
0 0.042500003677560017 0.7545000314712524 0.08400000730762258 0.1260000467300415
0 0.11700000613927841 0.7420000433921814 0.0729999989271164 0.14100003242492676
0 0.5685000121593475 0.7250000238418579 0.058000028133392334 0.12300002574920654
0 0.2005000114440918 0.7375000417232513 0.0559999942779541 0.09999996423721313
0 0.9775000512599945 0.7415000200271606 0.041999995708465576 0.12800002098083496
0 0.15600000321865082 0.7440000474452972 0.050999999046325684 0.08300000429153442
0 0.36650000512599945 0.7390000224113464 0.04399999976158142 0.08099997043609619
0 0.07950000464916229 0.7030000388622284 0.03800000250339508 0.06300002336502075
0 0.4245000183582306 0.7430000305175781 0.03200000524520874 0.07099997997283936
0 0.3915000259876251 0.7425000369548798 0.03200000524520874 0.07199996709823608
