1 0.7350000441074371 0.7930000424385071 0.1470000147819519 0.31700003147125244
1 0.5345000326633453 0.7640000581741333 0.08799999952316284 0.37300002574920654
1 0.9415000379085541 0.7225000262260437 0.11200004816055298 0.28600001335144043
1 0.40000002086162567 0.7230000197887421 0.08100000023841858 0.38700002431869507
1 0.3330000191926956 0.734000027179718 0.0729999840259552 0.3710000514984131
1 0.632500022649765 0.7970000207424164 0.0899999737739563 0.3050000071525574
1 0.8605000376701355 0.7005000114440918 0.07599997520446777 0.34200000762939453
1 0.799500048160553 0.7805000245571136 0.09399998188018799 0.28200000524520874
1 0.45650002360343933 0.7485000491142273 0.06599998474121094 0.35199999809265137
1 0.7900000512599945 0.5995000302791595 0.08300000429153442 0.15000003576278687
1 0.6510000228881836 0.6260000467300415 0.06700003147125244 0.16100001335144043
0 0.570000022649765 0.37300001457333565 0.203000009059906 0.5790000185370445
0 0.45000001788139343 0.28300002217292786 0.07499998807907104 0.29500001668930054
0 0.23500000685453415 0.22550000995397568 0.07099999487400055 0.23200000822544098
0 0.2900000214576721 0.22700000926852226 0.05900001525878906 0.22500000149011612
0 0.32100000977516174 0.21550000831484795 0.04500001668930054 0.2019999995827675
