1 0.12500000931322575 0.46550002694129944 0.13900000974535942 0.171999990940094
1 0.5240000188350677 0.5180000364780426 0.15700000524520874 0.11900001764297485
1 0.8070000410079956 0.5115000307559967 0.13300001621246338 0.14000004529953003
1 0.24750001728534698 0.4675000160932541 0.11200001835823059 0.1599999964237213
1 0.7420000433921814 0.47300001978874207 0.12300002574920654 0.13899999856948853
1 0.44600002467632294 0.3785000145435333 0.11899998784065247 0.10199999809265137
1 0.1600000113248825 0.45500002801418304 0.07100000977516174 0.15300002694129944
1 0.4140000194311142 0.5430000424385071 0.08699998259544373 0.11500000953674316
1 0.30900001525878906 0.46800000965595245 0.07099997997283936 0.14299997687339783
1 0.7100000381469727 0.4650000333786011 0.06099998950958252 0.12300002574920654
1 0.5505000352859497 0.45000001788139343 0.054000020027160645 0.0910000205039978
1 0.3505000174045563 0.550000011920929 0.07200002670288086 0.0690000057220459
0 0.737000048160553 0.4065000116825104 0.11500000953674316 0.27399998903274536
0 0.15200000628829002 0.4345000088214874 0.10900000482797623 0.20999997854232788
0 0.6215000450611115 0.4375000149011612 0.10799998044967651 0.1939999759197235
0 0.26000000536441803 0.42900002002716064 0.09099999070167542 0.218999981880188
0 0.5350000262260437 0.4390000253915787 0.08899998664855957 0.19500002264976501
0 0.34150001406669617 0.4245000183582306 0.08399999141693115 0.1899999976158142
0 0.4415000230073929 0.4285000115633011 0.09599998593330383 0.14799997210502625
0 0.26100001484155655 0.3700000196695328 0.08500002324581146 0.10099998116493225
