0 0.829 0.5439999688885169 0.339 0.8989999394216938
0 0.085 0.5729999656448821 0.165 0.8449999415232036
0 0.2145 0.4924999853808009 0.154 0.5179999802640812
0 0.598 0.4299999853808009 0.149 0.32499996345200227
0 0.2655 0.3124999885787507 0.09 0.19599999068026058
0 0.666 0.3724999913198505 0.061 0.243999983736141
0 0.149 0.2954999957969803 0.065 0.1560000116953593
0 0.3435 0.30150000063959 0.06 0.15399999104574055
0 0.34 0.2795000019187699 0.057 0.1099999936041004
0 0.285 0.3004999903147806 0.049 0.08599999707616018
