0 0.6455000191926956 0.6890000402927399 0.69200000166893 0.6190000176429749
0 0.7640000283718109 0.38350002467632294 0.17500001192092896 0.21800002455711365
0 0.3060000166296959 0.40150000154972076 0.1430000215768814 0.22999998927116394
0 0.11100000143051147 0.421500027179718 0.1550000011920929 0.22800004482269287
0 0.09050000782008283 0.14350000396370888 0.1800000155926682 0.17999999970197678
0 0.9145000278949738 0.4220000058412552 0.15200001001358032 0.16099998354911804
0 0.4085000157356262 0.12150000408291817 0.15200001001358032 0.12400000542402267
0 0.3685000240802765 0.570000022649765 0.15200001001358032 0.12700003385543823
0 0.31200001388788223 0.7250000238418579 0.14100001752376556 0.11500000953674316
0 0.640500009059906 0.3630000054836273 0.1119999885559082 0.16100001335144043
0 0.06200000221724622 0.6350000500679016 0.12300000438699499 0.10699999332427979
0 0.3425000160932541 0.6370000243186951 0.11399999260902405 0.08899998664855957
0 0.6445000171661377 0.43300001323223114 0.10199999809265137 0.10300001502037048
0 0.7625000178813934 0.4775000214576721 0.11400002241134644 0.09200000762939453
0 0.5365000069141388 0.13900000974535942 0.09799998998641968 0.09700001031160355
