1 0.7570000290870667 0.601000040769577 0.07899999618530273 0.07499998807907104
0 0.43550002574920654 0.6375000327825546 0.28600001335144043 0.7220000326633453
0 0.609000027179718 0.6265000402927399 0.1549999713897705 0.6780000329017639
0 0.4570000171661377 0.38050001859664917 0.07899999618530273 0.15200001001358032
0 0.9755000472068787 0.36650002002716064 0.046000003814697266 0.12599998712539673
0 0.1525000035762787 0.30100002884864807 0.04800000786781311 0.08300000429153442
0 0.1875000149011612 0.31800001859664917 0.04399999976158142 0.04100000858306885
0 0.17300001345574856 0.6640000343322754 0.24300001934170723 0.6690000295639038
0 0.7235000431537628 0.6690000295639038 0.21799999475479126 0.659000039100647
0 0.2785000130534172 0.604500025510788 0.18199999630451202 0.5660000443458557
0 0.06650000388617627 0.5530000180006027 0.1320000077248551 0.5710000097751617
0 0.8635000586509705 0.5370000302791595 0.1380000114440918 0.40700000524520874
0 0.5135000348091125 0.5725000351667404 0.10800004005432129 0.45200005173683167
0 0.8630000352859497 0.46800002455711365 0.13499999046325684 0.26899999380111694
0 0.015500001114560291 0.6495000272989273 0.03000000218162313 0.6980000436306
0 0.7565000355243683 0.4100000262260437 0.06600004434585571 0.17100000381469727
0 0.5450000166893005 0.3760000169277191 0.05299997329711914 0.10900002717971802
0 0.3165000081062317 0.3750000149011612 0.046000003814697266 0.08900001645088196
