1 0.6880000531673431 0.8295000493526459 0.22100001573562622 0.28200000524520874
0 0.7800000309944153 0.4160000267147552 0.2510000467300415 0.831000053382013
0 0.27950000762939453 0.15150000527501106 0.1340000033378601 0.18400000780820847
0 0.2710000202059746 0.06750000221654773 0.07900001108646393 0.10400000307708979
0 0.1965000033378601 0.06550000282004476 0.07400000095367432 0.10200000461190939
0 0.3530000150203705 0.06750000221654773 0.06499999761581421 0.10400000307708979
0 0.11700000613927841 0.06700000492855906 0.06300000846385956 0.10300000850111246
0 0.0560000017285347 0.0665000039152801 0.05900000035762787 0.10200000647455454
0 0.8625000417232513 0.06800000322982669 0.05600005388259888 0.10500000510364771
0 0.9205000400543213 0.06850000284612179 0.04400002956390381 0.10400000587105751
