0 0.3955000191926956 0.7905000448226929 0.1599999964237213 0.41600000858306885
0 0.6335000395774841 0.7875000238418579 0.11000001430511475 0.42200005054473877
0 0.8425000309944153 0.7895000576972961 0.1119999885559082 0.2580000162124634
0 0.34800001978874207 0.6725000441074371 0.07700002193450928 0.3019999861717224
0 0.12400000914931297 0.7035000324249268 0.11300001293420792 0.1499999761581421
0 0.20400001108646393 0.5750000178813934 0.04100000858306885 0.1170000433921814
0 0.2435000166296959 0.687000036239624 0.09800000488758087 0.13100004196166992
0 0.528500035405159 0.7695000469684601 0.12600001692771912 0.09799998998641968
0 0.7505000233650208 0.690500020980835 0.08399999141693115 0.09200000762939453
0 0.30500002205371857 0.6740000247955322 0.039000004529953 0.12300002574920654
