0 0.6255000233650208 0.6120000332593918 0.22800004482269287 0.773000031709671
0 0.6520000398159027 0.6905000358819962 0.17500001192092896 0.6160000264644623
0 0.7845000624656677 0.27100001598591916 0.1940000057220459 0.5410000319243409
0 0.3295000195503235 0.6790000349283218 0.1980000138282776 0.5170000493526459
0 0.18800000846385956 0.2860000016808044 0.14500001072883606 0.5710000033141114
0 0.3505000174045563 0.3420000299811363 0.1940000057220459 0.4050000458955765
0 0.28700001537799835 0.22300000811810605 0.15900000929832458 0.44500001618871465
0 0.47450003027915955 0.3620000034570694 0.1899999976158142 0.37299999594688416
0 0.6735000312328339 0.1975000085949432 0.15200001001358032 0.39400001714238897
0 0.6070000231266022 0.2795000257610809 0.10499995946884155 0.5580000514746644
0 0.2865000069141388 0.15550001288647763 0.15799999237060547 0.3100000257254578
0 0.5135000199079514 0.14750001157517545 0.13199999928474426 0.29400002310285345
0 0.4050000160932541 0.09200000340933912 0.11899998784065247 0.18300000677118078
