0 0.16100000168080442 0.5720000267028809 0.3210000033141114 0.7610000371932983
0 0.7120000422000885 0.45400001108646393 0.19699996709823608 0.4830000102519989
0 0.7075000405311584 0.3970000073313713 0.18799996376037598 0.3669999986886978
0 0.9480000436306 0.406500019133091 0.10100001096725464 0.4920000284910202
0 0.49150000512599945 0.4790000319480896 0.1599999964237213 0.29100000858306885
0 0.035500000667525455 0.5310000330209732 0.07000000128755346 0.16700002551078796
0 0.6840000301599503 0.6550000309944153 0.6290000379085541 0.687000036239624
0 0.3620000183582306 0.4155000075697899 0.10500001907348633 0.38599999248981476
0 0.7765000462532043 0.3465000092983246 0.10399997234344482 0.18800002336502075
0 0.5325000286102295 0.4410000294446945 0.06200003623962402 0.11300000548362732
