0 0.4610000103712082 0.4620000305294525 0.2750000059604645 0.9230000610114075
0 0.7005000412464142 0.4540000259876251 0.24400001764297485 0.5250000357627869
0 0.8420000374317169 0.4400000274181366 0.19499999284744263 0.5250000357627869
0 0.5680000185966492 0.281000006449176 0.17100000381469727 0.5610000128508545
0 0.3190000057220459 0.16550000334973447 0.17100000381469727 0.3300000066519715
0 0.6600000560283661 0.19550000454182737 0.13899999856948853 0.3900000090361573
0 0.9615000486373901 0.4165000095963478 0.07400000095367432 0.49400000274181366
0 0.3100000135600567 0.6415000259876251 0.38100001960992813 0.7140000462532043
0 0.6830000281333923 0.6700000315904617 0.31700003147125244 0.6570000350475311
0 0.1940000168979168 0.25550000692601316 0.15900001674890518 0.5100000138045289
