0 0.460500031709671 0.5090000331401825 0.31800001859664917 0.27500003576278687
0 0.04700000162119977 0.4650000184774399 0.09300000319490209 0.10899999737739563
0 0.023500000563217327 0.45000001788139343 0.0460000010789372 0.07899999618530273
0 0.5065000355243683 0.3825000077486038 0.078000009059906 0.04800000786781311
0 0.17100000381469727 0.40000002086162567 0.06700000166893005 0.05300000309944153
0 0.3240000158548355 0.3935000151395798 0.06700000166893005 0.04399999976158142
0 0.5555000305175781 0.38050001859664917 0.05799996852874756 0.04799997806549072
0 0.17000000923871994 0.3920000195503235 0.0650000125169754 0.03700000047683716
0 0.22050001472234726 0.38750001788139343 0.04999999701976776 0.046000003814697266
0 0.1055000089108944 0.40450000762939453 0.06000000983476639 0.03200000524520874
