1 0.5850000232458115 0.6540000438690186 0.17499998211860657 0.2630000114440918
1 0.03400000208057463 0.8675000369548798 0.061000003945082426 0.06800001859664917
0 0.6945000290870667 0.7255000472068787 0.1380000114440918 0.38999998569488525
0 0.1765000056475401 0.5735000371932983 0.31200001016259193 0.7640000581741333
0 0.8710000514984131 0.6460000276565552 0.2549999952316284 0.7050000429153442
0 0.28300000727176666 0.768500030040741 0.09099999070167542 0.25999999046325684
0 0.3945000171661377 0.7195000052452087 0.0820000171661377 0.16600000858306885
0 0.9465000331401825 0.08350000623613596 0.1040000319480896 0.11600000970065594
0 0.8575000464916229 0.737000048160553 0.06999999284744263 0.1510000228881836
0 0.800000011920929 0.7375000417232513 0.0690000057220459 0.14399999380111694
0 0.032000001025153324 0.7055000364780426 0.0630000020028092 0.15200001001358032
0 0.3420000225305557 0.7280000150203705 0.05300000309944153 0.13700002431869507
