1 0.3840000182390213 0.37700001895427704 0.1810000240802765 0.24500003457069397
1 0.29850000888109207 0.5610000491142273 0.1600000113248825 0.11500000953674316
1 0.5050000250339508 0.45650002360343933 0.12700003385543823 0.10600000619888306
1 0.7130000293254852 0.41600002348423004 0.11100000143051147 0.07699999213218689
1 0.6000000536441803 0.48500001430511475 0.06499999761581421 0.11699998378753662
1 0.695000022649765 0.47600002586841583 0.0910000205039978 0.05700001120567322
1 0.6125000417232513 0.4465000331401825 0.0899999737739563 0.19600003957748413
1 0.6235000193119049 0.41050001978874207 0.078000009059906 0.12400001287460327
1 0.5385000109672546 0.38600000739097595 0.07400000095367432 0.09700000286102295
0 0.5055000334978104 0.2415000107139349 0.20000001788139343 0.3660000152885914
