1 0.39150001108646393 0.26900000870227814 0.3760000169277191 0.31700000166893005
0 0.8100000321865082 0.5060000270605087 0.25099998712539673 0.679000049829483
0 0.47050000727176666 0.12700000728364103 0.09999999403953552 0.2530000145197846
0 0.6450000405311584 0.11900000597233884 0.09500002861022949 0.23700001189718023
0 0.38200001418590546 0.06700000489945523 0.11700001358985901 0.13300000975141302
0 0.7160000205039978 0.04700000162119977 0.0989999771118164 0.09300000319490209
0 0.64000004529953 0.05800000156159513 0.07899999618530273 0.1150000030756928
0 0.913500040769577 0.03500000337953679 0.10600000619888306 0.06900000671157613
0 0.7875000536441803 0.03650000269408338 0.09600001573562622 0.0720000053406693
0 0.5530000030994415 0.037500000995351 0.08300000429153442 0.07400000194320455
