1 0.2515000104904175 0.6775000393390656 0.2160000205039978 0.40800005197525024
1 0.5640000253915787 0.6855000406503677 0.19699999690055847 0.4480000436306
1 0.7265000343322754 0.6895000338554382 0.22200000286102295 0.3400000333786011
1 0.3355000168085098 0.7255000174045563 0.1680000126361847 0.39399999380111694
1 0.4325000196695328 0.680000051856041 0.13199999928474426 0.3930000364780426
1 0.4310000091791153 0.5605000406503677 0.12700000405311584 0.15400001406669617
0 0.5310000330209732 0.27700002677738667 0.44300004839897156 0.4890000484883785
0 0.909000039100647 0.5705000311136246 0.17900002002716064 0.4880000054836273
0 0.08750000174040906 0.5475000292062759 0.17400000343332067 0.4780000150203705
0 0.21800000965595245 0.39500001072883606 0.1550000011920929 0.23100000619888306
0 0.9405000507831573 0.14200000787968747 0.11599999666213989 0.2830000157118775
0 0.6780000329017639 0.40050001442432404 0.12899994850158691 0.257999986410141
0 0.7750000357627869 0.30000001192092896 0.1510000228881836 0.19900000095367432
0 0.7800000309944153 0.45000001788139343 0.12699997425079346 0.23100000619888306
0 0.33150000870227814 0.15100000984966755 0.13600000739097595 0.17900001630187035
0 0.3330000191926956 0.2240000143647194 0.13500002026557922 0.17900000512599945
0 0.1665000095963478 0.2460000216960907 0.12600000202655792 0.19300001859664917
0 0.9725000560283661 0.4905000329017639 0.05199998617172241 0.4700000286102295
0 0.06549999990966171 0.2200000137090683 0.12599999946542084 0.1550000011920929
0 0.9510000348091125 0.2620000094175339 0.09500002861022949 0.16499999165534973
