0 0.3300000159971176 0.559 0.17700000475811703 0.257
0 0.30100001058270853 0.5265 0.1070000228061471 0.176
0 0.22050001287973056 0.509 0.059999999179635 0.139
0 0.28250000041018253 0.49 0.059999999179635 0.117
0 0.038000001061347224 0.501 0.059000001158765567 0.117
0 0.12100000278924102 0.4975 0.05300000918808804 0.128
0 0.6605000034455331 0.4955 0.06599996423208586 0.1
0 0.238500000328146 0.501 0.038000004265898016 0.141
0 0.5010000044299711 0.483 0.056999985889721945 0.081
0 0.9735000364242061 0.4975 0.05000001640730007 0.09
0 0.966999997374832 0.497 0.03899998818674395 0.089
